26	1	36
26	2	97
26	3	32
26	4	77
26	5	53
26	6	23
26	7	98
26	8	88
26	9	88
26	10	74
26	11	37
26	12	25
26	13	59
26	14	19
26	15	30
26	16	41
26	17	15
26	18	89
26	19	11
26	20	55
26	21	96
26	22	38
26	23	66
26	24	66
26	25	18
26	26	67
26	27	81
26	28	96
26	29	55
26	30	67
26	31	26
26	32	20
26	33	43
26	34	34
26	35	79
26	36	41
26	37	94
26	38	28
26	39	4
26	40	96
26	41	52
26	42	41
26	43	61
26	44	83
26	45	51
26	46	60
26	47	29
26	48	63
26	49	46
26	50	14
26	51	95
26	52	22
26	53	61
26	54	74
26	55	74
26	56	22
26	57	51
26	58	23
26	60	24
27	1	67
27	2	71
27	3	54
27	4	97
27	5	31
27	6	55
27	7	57
27	8	6
27	9	50
27	10	72
27	11	26
27	12	15
27	13	28
27	14	88
27	15	97
27	16	61
27	17	96
27	18	100
27	19	26
27	20	24
27	21	71
27	22	36
27	23	46
27	24	31
27	25	54
27	26	58
27	27	98
27	28	15
27	29	14
27	30	75
27	31	93
27	32	13
27	33	83
27	34	98
27	35	52
27	36	6
27	37	38
27	38	61
27	39	76
27	40	28
27	41	5
27	42	11
27	43	17
27	44	94
27	45	3
27	46	43
27	47	59
27	48	5
27	49	51
27	50	51
27	51	9
27	52	28
27	53	75
27	54	98
27	55	23
27	56	83
27	57	89
27	58	73
27	59	28
27	60	85
28	1	74
28	2	71
28	3	73
28	4	58
28	5	87
28	6	98
28	7	11
28	8	17
28	9	85
28	10	72
28	11	96
28	12	5
28	13	21
28	14	17
28	15	85
28	16	48
28	17	5
28	18	65
28	19	5
28	20	3
28	21	33
28	22	49
28	23	30
28	24	78
28	25	61
28	26	58
28	27	91
28	28	6
28	29	22
28	30	40
28	31	90
28	32	26
28	33	23
28	34	51
28	35	39
28	36	43
28	37	3
28	38	64
28	39	59
28	40	8
28	41	10
28	42	101
28	43	16
28	44	37
28	45	23
28	46	56
28	47	66
28	48	15
28	49	18
28	50	26
28	51	73
28	52	16
28	53	28
28	54	55
28	55	65
28	56	26
28	57	41
28	58	52
28	59	8
28	60	101
29	1	100
29	2	13
29	3	20
29	4	67
29	5	66
29	6	47
29	7	74
29	8	73
29	9	5
29	10	77
29	11	45
29	12	3
29	13	4
29	14	74
29	15	44
29	16	60
29	17	81
29	18	84
29	19	92
29	20	20
29	21	94
29	22	26
29	23	23
29	24	62
29	25	26
29	26	99
29	27	21
29	28	40
29	29	7
29	30	56
29	31	99
29	32	1
29	33	38
29	34	14
29	35	13
29	36	89
29	37	44
29	38	82
29	39	56
29	40	41
29	41	59
29	42	20
29	43	59
29	44	80
29	45	73
29	46	95
29	47	5
29	48	79
29	49	5
29	50	86
29	51	98
29	52	7
29	53	64
29	54	10
29	55	92
29	56	17
29	57	4
29	58	13
29	59	56
29	60	61
30	1	56
30	2	100
30	3	54
30	4	4
30	5	24
30	6	98
30	7	61
30	8	54
30	9	7
30	10	32
30	11	7
30	12	22
30	13	97
30	14	68
30	15	10
30	16	17
30	17	6
30	18	90
30	19	24
30	20	65
30	21	101
30	22	19
30	23	75
30	24	47
30	25	13
30	26	100
30	27	46
30	28	100
30	29	95
30	30	16
30	31	34
30	32	71
30	33	70
30	34	20
30	35	51
30	36	88
30	37	64
30	38	10
30	39	36
30	40	63
30	41	39
30	42	50
30	43	43
30	44	48
30	45	27
30	46	29
30	47	51
30	48	65
30	49	47
30	50	90
30	51	22
30	52	36
30	53	80
30	54	88
30	55	78
30	56	83
30	57	67
30	58	101
30	59	3
30	60	47
31	1	69
31	2	7
31	3	19
31	4	76
31	5	91
31	6	46
31	7	2
31	8	37
31	9	78
31	10	5
31	11	29
31	12	29
31	13	20
31	14	8
31	15	86
31	16	2
31	17	41
31	18	59
31	19	75
31	20	87
31	21	55
31	24	1
31	25	86
31	26	1
31	27	2
31	28	29
31	29	95
31	30	59
31	31	64
31	32	99
31	33	11
31	34	92
31	35	6
31	36	41
31	37	92
31	38	53
31	39	7
31	40	77
31	41	46
31	42	71
31	43	54
31	44	54
31	45	10
31	46	74
31	47	65
31	48	68
31	50	36
31	51	63
31	52	53
31	53	26
31	54	49
31	55	13
31	56	1
31	57	48
31	58	18
31	59	29
31	60	8
32	1	25
32	2	37
32	3	77
32	4	99
32	5	60
32	6	50
32	7	48
32	8	3
32	9	60
32	10	59
32	11	60
32	12	88
32	13	18
32	14	14
32	15	29
32	16	91
32	17	54
32	18	70
32	19	51
32	20	11
32	21	2
32	22	67
32	23	36
32	24	63
32	25	83
32	27	55
32	28	64
32	29	93
32	30	93
32	31	65
32	32	21
32	33	32
32	34	45
32	35	44
32	36	33
32	37	40
32	38	5
32	39	64
32	40	89
32	41	39
32	42	101
32	43	64
32	44	52
32	45	73
32	46	34
32	47	94
32	48	30
32	49	97
32	50	61
32	51	41
32	52	41
32	53	27
32	54	95
32	55	96
32	56	68
32	57	64
32	58	82
32	59	90
32	60	31
33	1	21
33	2	28
33	3	31
33	4	44
33	5	67
33	6	59
33	7	23
33	8	46
33	9	1
33	10	8
33	11	43
33	12	55
33	13	24
33	14	78
33	15	46
33	16	74
33	17	1
33	18	13
33	19	97
33	20	36
33	21	98
33	22	77
33	23	92
33	24	86
33	25	100
33	26	56
33	27	26
33	28	30
33	29	12
33	30	51
33	31	26
33	32	40
33	33	46
33	34	15
33	35	27
33	36	89
33	37	82
33	38	89
33	39	39
33	40	17
33	41	64
33	42	10
33	43	42
33	44	61
33	45	51
33	46	65
33	47	89
33	48	68
33	49	91
33	50	48
33	51	64
33	52	83
33	53	30
33	54	32
33	55	63
33	56	61
33	57	72
33	58	95
33	59	44
33	60	68
34	1	85
34	2	77
34	3	8
34	4	81
34	5	41
34	6	41
34	7	11
34	8	36
34	9	16
34	10	45
34	11	17
34	12	56
34	13	70
34	14	2
34	15	97
34	16	59
34	17	12
34	18	19
34	19	33
34	20	48
34	21	31
34	22	36
34	23	69
34	24	80
34	25	99
34	26	92
34	27	30
34	28	26
34	29	100
34	30	83
34	31	54
34	32	81
34	33	83
34	34	14
34	35	43
34	36	55
34	37	3
34	38	90
34	39	97
34	40	27
34	41	22
34	42	14
34	43	98
34	44	100
34	45	40
34	46	36
34	47	45
34	48	87
34	49	25
34	50	94
34	51	86
34	52	48
34	53	79
34	54	84
34	55	96
34	56	12
34	57	13
34	58	46
34	59	37
34	60	56
35	1	80
35	2	68
35	3	4
35	4	5
35	5	8
35	6	42
35	7	31
35	8	74
35	9	84
35	10	28
35	12	94
35	13	27
35	14	67
35	15	3
35	16	93
35	18	91
35	19	36
35	20	16
35	21	101
35	22	82
35	23	76
35	24	100
35	25	72
35	26	44
35	27	57
35	28	95
35	29	42
35	30	14
35	31	57
35	32	81
35	33	79
35	34	100
35	35	53
35	36	100
35	37	37
35	38	5
35	39	41
35	40	78
35	41	20
35	42	81
35	43	13
35	44	2
35	45	82
35	46	39
35	47	53
35	48	53
35	49	87
35	50	1
35	51	21
35	52	44
35	53	40
35	54	94
35	55	56
35	56	68
35	57	37
35	58	31
35	59	82
35	60	93
36	1	89
36	2	77
36	3	19
36	4	80
36	5	57
36	6	69
36	7	90
36	8	73
36	9	83
36	10	98
36	11	11
36	12	78
36	13	96
36	14	92
36	15	54
36	16	80
36	17	101
36	18	72
36	19	91
36	20	74
36	21	48
36	22	79
36	23	100
36	24	35
36	25	48
36	26	38
36	27	19
36	28	49
36	29	26
36	30	84
36	31	10
36	32	45
36	33	37
36	34	42
36	35	65
36	36	59
36	37	56
36	38	72
36	39	61
36	40	27
36	41	58
36	42	91
36	43	29
36	44	97
36	45	63
36	46	10
36	47	98
36	48	35
36	49	69
36	50	23
36	51	90
36	52	74
36	53	29
36	54	81
36	55	61
36	56	99
36	57	92
36	58	23
36	59	16
36	60	3
37	1	7
37	2	31
37	3	26
37	4	93
37	5	81
37	6	87
37	7	28
37	8	17
37	9	100
37	10	93
37	12	47
37	13	88
37	14	39
37	15	17
37	16	14
37	17	68
37	18	75
37	19	82
37	20	95
37	21	57
37	22	45
37	23	59
37	24	73
37	25	59
37	26	2
37	27	100
37	28	21
37	29	37
37	30	90
37	31	4
37	32	19
37	33	22
37	34	2
37	35	8
37	36	11
37	37	93
37	38	81
37	39	98
37	40	33
37	41	66
37	42	15
37	43	35
37	44	29
37	45	28
37	46	47
37	47	70
37	48	23
37	49	10
37	50	66
37	51	23
37	52	6
37	53	68
37	55	48
37	56	49
37	57	41
37	58	84
37	59	45
37	60	62
38	1	20
38	2	12
38	3	88
38	4	87
38	5	38
38	6	12
38	7	23
38	8	25
38	9	65
38	10	51
38	11	35
38	12	59
38	13	65
38	14	15
38	15	35
38	16	88
38	17	95
38	18	53
38	19	36
38	20	100
38	21	52
38	22	36
38	23	10
38	24	53
38	25	95
38	26	44
38	27	43
38	28	28
38	29	71
38	30	2
