13	31	28
13	32	4
13	33	71
13	34	13
13	35	57
13	36	81
13	37	6
13	38	13
13	39	9
13	40	35
13	41	85
13	43	97
13	44	2
13	45	85
13	46	101
13	47	28
13	48	48
13	49	13
13	50	19
13	51	27
13	52	25
13	53	56
13	54	66
13	55	60
13	56	88
13	57	15
13	58	36
13	59	35
13	60	99
14	1	97
14	2	93
14	3	50
14	4	7
14	5	53
14	6	44
14	7	40
14	8	83
14	9	83
14	10	94
14	11	19
14	12	98
14	13	21
14	14	82
14	15	85
14	16	87
14	17	35
14	18	13
14	19	18
14	20	24
14	21	69
14	22	96
14	23	24
14	24	59
14	25	48
14	26	49
14	27	21
14	28	36
14	29	29
14	30	91
14	31	78
14	32	75
14	33	17
14	34	31
14	35	69
14	36	7
14	37	17
14	38	34
14	39	66
14	40	61
14	41	66
14	42	38
14	43	87
14	44	1
14	45	41
14	46	68
14	47	91
14	48	58
14	49	83
14	50	76
14	51	66
14	52	41
14	53	91
14	54	56
14	55	16
14	56	92
14	57	100
14	58	63
14	59	7
14	60	5
15	1	96
15	2	23
15	3	47
15	4	72
15	5	82
15	6	18
15	7	83
15	8	32
15	9	78
15	10	94
15	11	42
15	12	93
15	13	93
15	14	44
15	15	27
15	16	88
15	17	92
15	18	73
15	19	61
15	20	54
15	21	55
15	22	57
15	23	95
15	24	33
15	25	66
15	26	19
15	27	18
15	28	26
15	29	64
15	30	38
15	31	72
15	32	61
15	33	67
15	34	28
15	35	41
15	36	37
15	37	13
15	38	80
15	39	80
15	40	38
15	41	14
15	42	75
15	43	73
15	44	95
15	45	58
15	46	48
15	47	26
15	48	52
15	49	19
15	50	63
15	51	86
15	52	8
15	53	51
15	54	86
15	55	45
15	57	34
15	58	88
15	59	80
15	60	26
16	1	30
16	2	63
16	3	38
16	4	36
16	5	26
16	6	83
16	7	4
16	8	4
16	9	2
16	10	86
16	11	6
16	12	69
16	13	49
16	14	78
16	15	71
16	16	10
16	17	45
16	18	74
16	19	88
16	20	8
16	21	49
16	22	42
16	23	11
16	24	2
16	25	59
16	26	42
16	27	54
16	28	16
16	29	72
16	30	67
16	31	26
16	32	54
16	33	1
16	34	62
16	35	43
16	36	36
16	37	83
16	38	50
16	39	81
16	40	83
16	41	94
16	42	64
16	43	83
16	44	56
16	45	13
16	46	69
16	47	13
16	48	88
16	49	93
16	50	4
16	51	57
16	52	64
16	53	47
16	54	39
16	55	86
16	56	11
16	57	30
16	58	31
16	59	16
16	60	51
17	1	47
17	2	9
17	3	49
17	4	58
17	5	38
17	6	60
17	7	47
17	8	26
17	9	72
17	10	86
17	11	23
17	12	68
17	13	55
17	14	10
17	15	82
17	16	48
17	17	68
17	18	12
17	19	44
17	20	20
17	21	25
17	22	79
17	23	70
17	24	88
17	25	73
17	26	5
17	27	66
17	28	8
17	29	10
17	30	19
17	31	97
17	32	72
17	33	27
17	34	84
17	35	34
17	36	91
17	37	32
17	38	25
17	39	49
17	40	15
17	41	65
17	42	58
17	43	40
17	44	80
17	45	1
17	46	19
17	47	5
17	48	27
17	49	49
17	50	13
17	52	93
17	53	91
17	54	99
17	55	98
17	56	93
17	57	42
17	58	37
17	59	95
17	60	61
18	1	40
18	2	49
18	3	91
18	4	96
18	5	57
18	6	21
18	7	81
18	8	60
18	9	63
18	10	35
18	11	11
18	12	22
18	13	68
18	14	28
18	15	44
18	16	84
18	17	60
18	18	63
18	19	41
18	20	85
18	21	49
18	22	21
18	23	78
18	24	66
18	25	32
18	26	14
18	27	77
18	28	51
18	29	66
18	30	10
18	31	35
18	32	48
18	33	31
18	34	32
18	35	53
18	36	22
18	37	41
18	39	30
18	40	62
18	41	28
18	42	19
18	43	93
18	44	84
18	45	8
18	46	23
18	47	33
18	48	61
18	49	69
18	50	8
18	51	22
18	52	28
18	53	33
18	54	40
18	55	43
18	56	49
18	57	99
18	58	82
18	59	79
18	60	39
19	1	13
19	2	81
19	3	79
19	4	65
19	5	35
19	6	47
19	7	70
19	8	30
19	9	81
19	10	34
19	11	96
19	12	83
19	13	81
19	14	58
19	15	22
19	16	90
19	17	37
19	18	79
19	19	83
19	20	40
19	21	23
19	22	17
19	23	56
19	24	100
19	25	26
19	26	83
19	27	35
19	28	39
19	29	88
19	30	41
19	31	50
19	32	62
19	33	62
19	34	45
19	35	84
19	36	45
19	37	78
19	38	17
19	39	49
19	40	55
19	41	101
19	42	74
19	43	9
19	44	34
19	45	21
19	46	101
19	47	82
19	48	39
19	49	5
19	50	91
19	51	40
19	52	89
19	53	14
19	54	2
19	55	36
19	56	37
19	57	94
19	58	79
19	59	57
19	60	58
20	1	39
20	2	42
20	3	87
20	4	26
20	5	53
20	6	13
20	7	49
20	8	20
20	9	53
20	10	24
20	11	75
20	12	44
20	13	19
20	14	98
20	15	62
20	16	34
20	17	58
20	18	68
20	19	55
20	20	40
20	21	9
20	22	60
20	23	23
20	24	86
20	25	7
20	26	49
20	27	50
20	28	93
20	29	30
20	30	79
20	31	38
20	32	39
20	33	98
20	34	60
20	35	6
20	36	3
20	37	19
20	38	83
20	39	58
20	40	83
20	41	63
20	42	72
20	43	44
20	44	78
20	45	49
20	46	81
20	47	100
20	48	46
20	49	62
20	50	86
20	51	45
20	52	30
20	53	75
20	54	42
20	55	83
20	56	97
20	57	56
20	58	44
20	59	97
20	60	47
21	1	76
21	2	60
21	3	31
21	4	89
21	5	56
21	6	10
21	7	98
21	8	23
21	9	3
21	10	33
21	11	1
21	12	66
21	13	44
21	14	100
21	15	8
21	16	39
21	17	34
21	18	13
21	19	40
21	20	25
21	21	55
21	22	87
21	23	23
21	24	98
21	25	78
21	26	44
21	27	66
21	28	58
21	29	2
21	30	94
21	31	55
21	32	57
21	33	90
21	34	48
21	35	100
21	36	47
21	37	44
21	38	42
21	39	73
21	40	86
21	41	14
21	42	87
21	43	77
21	44	35
21	45	22
21	46	3
21	47	54
21	48	51
21	49	47
21	50	64
21	51	43
21	52	35
21	53	47
21	54	21
21	55	45
21	56	97
21	57	61
21	58	56
21	59	31
21	60	8
22	1	84
22	2	3
22	3	79
22	4	3
22	5	67
22	6	71
22	7	21
22	8	95
22	9	63
22	10	40
22	11	77
22	12	22
22	13	89
22	14	88
22	15	101
22	16	70
22	17	7
22	18	86
22	19	17
22	20	30
22	21	43
22	22	91
22	23	61
22	24	26
22	25	94
22	27	81
22	28	37
22	29	6
22	30	55
22	31	73
22	32	40
22	33	81
22	34	62
22	35	42
22	36	36
22	37	87
22	38	22
22	39	15
22	40	35
22	41	43
22	42	89
22	43	25
22	44	95
22	45	63
22	46	64
22	47	86
22	48	97
22	49	49
22	50	93
22	51	7
22	52	101
22	53	44
22	54	98
22	55	95
22	56	25
22	57	92
22	58	22
22	59	17
22	60	5
23	1	94
23	2	73
23	3	75
23	4	1
23	5	51
23	6	90
23	7	66
23	8	15
23	9	46
23	10	68
23	11	85
23	12	12
23	13	7
23	14	4
23	15	89
23	16	9
23	17	53
23	18	47
23	19	93
23	20	40
23	21	20
23	22	22
23	23	93
23	24	101
23	25	46
23	26	25
23	27	11
23	28	101
23	29	95
23	30	42
23	31	19
23	32	45
23	33	45
23	34	83
23	35	20
23	36	88
23	37	53
23	38	63
23	39	66
23	40	37
23	41	57
23	42	32
23	43	99
23	44	85
23	45	101
23	46	42
23	47	22
23	48	31
23	49	30
23	50	97
23	51	33
23	52	53
23	53	34
23	54	63
23	55	67
23	56	51
23	57	98
23	58	39
23	59	16
23	60	66
24	1	2
24	2	66
24	3	64
24	4	23
24	5	7
24	6	39
24	7	73
24	8	89
24	9	8
24	10	29
24	11	69
24	13	24
24	14	21
24	15	34
24	16	55
24	17	50
24	18	25
24	19	84
24	20	37
24	21	82
24	22	38
24	23	99
24	24	95
24	25	88
24	26	101
24	27	75
24	28	54
24	29	85
24	30	31
24	31	11
24	32	95
24	33	56
24	34	81
24	35	76
24	36	101
24	37	2
24	38	17
24	39	73
24	40	97
24	41	48
24	42	45
24	43	20
24	44	73
24	45	51
24	46	79
24	47	57
24	48	2
24	49	93
24	50	93
24	51	20
24	52	52
24	53	44
24	54	68
24	55	41
24	57	65
24	59	49
24	60	82
25	1	62
25	2	69
25	3	34
25	4	93
25	5	26
25	6	54
25	7	21
25	8	52
25	10	89
25	11	95
25	12	37
25	13	4
25	14	16
25	15	23
25	16	89
25	17	13
25	18	91
25	19	23
25	20	34
25	21	25
25	22	34
25	23	51
25	24	65
25	25	83
25	26	57
25	27	34
25	28	6
25	29	12
25	30	97
25	31	52
25	32	93
25	33	31
25	34	59
25	35	48
25	36	76
25	37	49
25	38	66
25	40	13
25	41	62
25	42	7
25	43	38
25	44	89
25	45	36
25	46	21
25	47	7
25	48	8
25	49	76
25	50	68
25	51	27
25	52	83
25	53	44
25	54	44
25	55	63
25	56	68
25	57	94
25	58	65
25	59	27
25	60	64
