1	1	97
1	2	65
1	3	21
1	4	14
1	5	45
1	6	92
1	7	63
1	8	65
1	9	69
1	10	95
1	11	33
1	12	86
1	13	71
1	14	83
1	15	41
1	16	34
1	17	56
1	18	59
1	19	54
1	20	64
1	21	101
1	22	85
1	23	94
1	24	60
1	25	80
1	26	31
1	27	89
1	28	93
1	29	55
1	30	89
1	31	10
1	32	33
1	33	8
1	34	32
1	35	21
1	36	47
1	37	33
1	38	4
1	39	65
1	40	59
1	41	34
1	42	94
1	43	56
1	44	25
1	45	41
1	46	20
1	47	54
1	48	82
1	49	63
1	50	16
1	51	44
1	52	66
1	53	53
1	54	13
1	55	64
1	56	53
1	57	34
1	58	74
1	59	49
1	60	58
2	1	65
2	2	54
2	3	53
2	4	81
2	5	65
2	6	55
2	7	82
2	8	72
2	9	16
2	11	49
2	12	61
2	13	72
2	14	4
2	15	6
2	16	28
2	17	29
2	18	26
2	19	92
2	20	9
2	21	4
2	22	80
2	23	11
2	24	91
2	25	88
2	26	35
2	27	57
2	28	64
2	29	94
2	30	29
2	31	42
2	32	9
2	33	11
2	34	10
2	35	48
2	36	18
2	37	32
2	38	62
2	39	29
2	40	72
2	41	42
2	42	30
2	43	65
2	44	37
2	45	21
2	46	94
2	47	76
2	48	48
2	49	3
2	50	62
2	51	15
2	52	3
2	53	74
2	54	63
2	55	85
2	56	13
2	57	83
2	58	92
2	59	63
2	60	89
3	1	11
3	2	81
3	3	38
3	4	31
3	5	55
3	6	65
3	7	53
3	8	63
3	9	6
3	10	87
3	11	56
3	12	17
3	13	67
3	14	64
3	15	55
3	16	54
3	17	42
3	18	97
3	19	29
3	20	6
3	21	23
3	22	57
3	23	2
3	24	72
3	25	61
3	26	56
3	27	16
3	28	24
3	29	90
3	30	20
3	31	97
3	32	35
3	33	36
3	34	45
3	35	42
3	36	99
3	37	74
3	38	73
3	39	4
3	40	35
3	41	36
3	42	82
3	43	92
3	45	70
3	46	90
3	47	34
3	48	49
3	49	27
3	50	97
3	51	99
3	52	23
3	53	39
3	54	9
3	55	43
3	56	31
3	57	69
3	58	70
3	59	30
3	60	66
4	1	59
4	2	76
4	3	101
4	4	16
4	5	1
4	6	66
4	7	14
4	8	27
4	9	99
4	10	73
4	11	19
4	12	58
4	13	1
4	14	100
4	15	30
4	16	101
4	17	6
4	18	67
4	19	80
4	20	73
4	21	5
4	22	93
4	23	89
4	24	11
4	25	82
4	26	10
4	27	59
4	28	53
4	29	63
4	30	40
4	31	100
4	32	2
4	33	30
4	34	64
4	35	96
4	36	67
4	37	16
4	38	16
4	39	18
4	40	39
4	41	14
4	42	18
4	43	55
4	44	100
4	45	78
4	46	33
4	47	45
4	48	80
4	49	17
4	50	83
4	51	65
4	53	20
4	54	53
4	55	26
4	56	71
4	57	40
4	58	19
4	59	19
4	60	80
5	1	29
5	2	71
5	3	43
5	4	65
5	5	33
5	6	21
5	7	92
5	8	54
5	9	36
5	10	94
5	11	95
5	12	63
5	13	61
5	14	11
5	15	72
5	16	16
5	17	18
5	18	52
5	19	5
5	20	37
5	21	59
5	22	91
5	23	92
5	24	26
5	25	17
5	26	84
5	27	93
5	28	41
5	29	98
5	30	70
5	31	16
5	32	27
5	33	98
5	34	47
5	35	88
5	36	78
5	37	61
5	38	60
5	39	27
5	40	91
5	41	91
5	42	62
5	43	43
5	44	26
5	45	16
5	47	15
5	48	19
5	49	14
5	50	49
5	51	21
5	52	16
5	53	7
5	54	84
5	55	86
5	56	27
5	57	29
5	58	63
5	59	27
5	60	13
6	1	51
6	2	83
6	3	42
6	4	90
6	5	24
6	6	80
6	7	82
6	8	97
6	9	12
6	10	46
6	11	20
6	12	94
6	13	44
6	14	93
6	15	78
6	16	20
6	17	79
6	18	41
6	19	91
6	20	44
6	21	35
6	22	67
6	23	63
6	24	38
6	25	62
6	26	2
6	27	16
6	28	76
6	29	96
6	30	70
6	31	68
6	32	12
6	33	26
6	34	52
6	35	38
6	36	93
6	37	7
6	38	101
6	39	87
6	40	56
6	41	69
6	42	77
6	43	12
6	44	63
6	45	38
6	46	45
6	47	54
6	48	46
6	49	19
6	50	92
6	51	61
6	52	60
6	53	79
6	54	38
6	55	27
6	56	41
6	57	53
6	58	9
6	59	50
6	60	61
7	1	6
7	2	38
7	3	59
7	4	94
7	5	9
7	6	6
7	7	61
7	8	84
7	9	42
7	10	73
7	11	96
7	12	71
7	13	11
7	14	30
7	15	90
7	16	98
7	17	6
7	18	80
7	19	54
7	20	47
7	21	14
7	22	14
7	23	58
7	24	70
7	25	37
7	26	3
7	27	59
7	28	77
7	29	40
7	30	90
7	31	86
7	32	24
7	33	4
7	34	59
7	35	61
7	36	97
7	37	23
7	38	8
7	39	52
7	40	1
7	41	80
7	42	63
7	43	41
7	44	100
7	45	67
7	46	26
7	47	27
7	48	100
7	49	18
7	50	57
7	51	80
7	52	70
7	53	82
7	54	17
7	55	77
7	56	61
7	57	89
7	58	71
7	59	100
7	60	53
8	1	94
8	2	14
8	3	23
8	4	14
8	5	40
8	6	56
8	7	9
8	8	11
8	9	42
8	10	87
8	11	58
8	12	13
8	13	89
8	14	58
8	15	57
8	16	21
8	17	86
8	18	91
8	19	42
8	20	95
8	21	85
8	22	16
8	23	81
8	24	27
8	25	87
8	26	10
8	27	41
8	28	53
8	29	72
8	30	44
8	31	79
8	32	29
8	33	20
8	34	87
8	35	25
8	36	65
8	37	12
8	38	55
8	39	81
8	40	89
8	41	92
8	42	62
8	43	71
8	44	65
8	45	28
8	46	7
8	47	96
8	48	96
8	49	22
8	50	73
8	51	84
8	52	78
8	53	8
8	54	29
8	55	38
8	56	64
8	57	42
8	58	31
8	59	74
8	60	44
9	1	96
9	2	16
9	3	19
9	4	9
9	5	10
9	6	11
9	7	51
9	8	85
9	9	47
9	10	29
9	11	89
9	12	86
9	13	89
9	14	19
9	15	20
9	16	53
9	17	100
9	18	14
9	19	63
9	20	70
9	21	43
9	22	5
9	23	4
9	24	98
9	25	51
9	26	85
9	27	30
9	28	73
9	29	10
9	30	10
9	31	82
9	32	80
9	33	52
9	34	84
9	35	83
9	36	65
9	37	51
9	38	61
9	39	3
9	40	17
9	41	25
9	42	75
9	43	78
9	44	56
9	45	89
9	46	81
9	47	89
9	48	94
9	49	51
9	50	62
9	51	58
9	52	82
9	53	79
9	54	66
9	55	27
9	56	64
9	57	26
9	58	20
9	59	23
9	60	51
10	1	97
10	2	61
10	3	47
10	4	2
10	5	40
10	6	98
10	7	68
10	8	57
10	9	84
10	10	93
10	11	67
10	12	22
10	13	68
10	14	68
10	15	42
10	16	30
10	17	74
10	18	19
10	19	77
10	20	46
10	21	72
10	22	75
10	23	76
10	24	80
10	25	37
10	26	31
10	27	19
10	28	44
10	29	53
10	30	20
10	31	84
10	32	64
10	33	15
10	34	95
10	35	59
10	36	12
10	37	82
10	38	82
10	39	37
10	40	9
10	41	18
10	42	64
10	43	64
10	44	76
10	45	74
10	46	50
10	47	29
10	48	27
10	49	42
10	50	15
10	51	60
10	52	43
10	53	42
10	54	11
10	55	13
10	56	34
10	57	74
10	58	95
10	59	82
10	60	41
11	1	48
11	2	53
11	3	13
11	4	94
11	5	16
11	6	101
11	7	70
11	8	84
11	9	19
11	10	5
11	11	39
11	12	56
11	13	58
11	14	71
11	15	19
11	16	38
11	17	32
11	19	16
11	20	28
11	21	46
11	22	46
11	23	11
11	24	23
11	25	67
11	26	53
11	27	101
11	28	53
11	29	41
11	30	43
11	31	17
11	32	7
11	33	33
11	34	79
11	35	54
11	36	2
11	37	9
11	38	26
11	39	17
11	40	62
11	41	7
11	42	51
11	43	82
11	44	68
11	45	58
11	46	26
11	47	84
11	48	55
11	49	32
11	50	56
11	51	45
11	52	82
11	53	94
11	54	64
11	55	1
11	56	96
11	57	28
11	58	96
11	59	5
11	60	12
12	1	7
12	2	44
12	3	7
12	4	67
12	5	51
12	6	73
12	8	95
12	9	74
12	10	84
12	11	17
12	12	50
12	13	19
12	14	64
12	15	28
12	16	100
12	17	79
12	18	60
12	19	70
12	20	36
12	21	50
12	22	92
12	23	78
12	24	69
12	25	11
12	26	98
12	27	1
12	28	16
12	29	75
12	30	24
12	31	82
12	32	54
12	34	68
12	35	65
12	36	41
12	37	76
12	38	62
12	39	47
12	40	23
12	41	82
12	42	5
12	43	31
12	44	50
12	45	8
12	46	56
12	47	50
12	48	12
12	49	94
12	50	51
12	51	31
12	52	75
12	53	90
12	54	15
12	55	66
12	56	51
12	57	61
12	58	19
12	59	76
12	60	82
13	1	83
13	2	11
13	4	65
13	5	32
13	6	92
13	7	47
13	8	63
13	9	93
13	10	50
13	11	50
13	12	57
13	13	53
13	14	35
13	15	55
13	16	55
13	17	101
13	18	15
13	19	49
13	20	56
13	21	8
13	22	60
13	23	52
13	24	81
13	25	3
13	26	59
13	27	70
13	28	73
13	29	38
13	30	83
