26	73	86
26	74	9
26	75	79
26	76	98
26	77	81
26	78	25
26	79	33
26	80	57
26	81	58
26	82	93
26	83	56
26	84	26
26	85	21
26	86	19
26	87	6
26	88	73
26	89	16
26	90	44
26	91	94
26	92	10
26	93	68
26	94	8
26	95	49
26	96	82
26	97	48
26	98	90
26	99	37
26	100	85
26	101	34
26	102	92
26	103	98
26	104	47
26	105	30
26	106	16
26	107	54
26	108	97
26	109	20
26	110	95
26	111	42
26	112	62
26	113	32
26	114	49
26	115	6
26	116	22
26	117	41
26	118	23
26	119	71
26	120	91
27	1	11
27	2	13
27	3	84
27	4	61
27	5	69
27	6	85
27	7	2
27	8	9
27	9	41
27	10	65
27	11	80
27	12	18
27	13	60
27	14	2
27	15	5
27	16	18
27	17	47
27	18	28
27	19	7
27	20	35
27	21	6
27	22	39
27	23	74
27	24	51
27	25	31
27	26	30
27	27	69
27	28	30
27	29	49
27	30	15
27	31	22
27	32	5
27	33	24
27	34	22
27	35	3
27	36	8
27	37	7
27	38	9
27	39	42
27	40	82
27	41	72
27	42	54
27	43	56
27	44	41
27	45	49
27	46	53
27	47	43
27	48	96
27	49	28
27	50	95
27	51	70
27	52	19
27	53	1
27	54	73
27	55	1
27	56	2
27	57	28
27	58	52
27	59	90
27	60	79
27	61	19
27	62	54
27	63	12
27	64	41
27	65	82
27	66	13
27	67	23
27	68	77
27	69	57
27	70	39
27	71	95
27	72	84
27	73	67
27	74	12
27	75	83
27	76	1
27	77	47
27	78	31
27	79	35
27	80	79
27	81	47
27	82	98
27	83	20
27	84	94
27	85	5
27	86	68
27	87	13
27	88	13
27	89	81
27	90	74
27	91	91
27	92	75
27	93	61
27	94	12
27	95	85
27	96	77
27	97	23
27	98	2
27	99	51
27	100	37
27	101	91
27	102	81
27	103	62
27	104	84
27	105	49
27	106	96
27	107	26
27	108	43
27	109	39
27	110	65
27	111	21
27	112	33
27	113	1
27	114	64
27	115	25
27	116	84
27	117	66
27	118	55
27	119	72
27	120	52
28	1	27
28	2	5
28	3	28
28	4	23
28	5	28
28	6	94
28	7	23
28	8	50
28	9	7
28	10	5
28	11	54
28	12	96
28	13	69
28	14	55
28	15	73
28	16	5
28	17	16
28	18	90
28	19	9
28	20	47
28	21	1
28	22	58
28	23	19
28	24	75
28	25	72
28	26	10
28	27	89
28	28	25
28	29	42
28	30	8
28	31	23
28	32	55
28	33	75
28	34	37
28	35	59
28	36	2
28	37	87
28	38	81
28	39	60
28	40	91
28	41	42
28	42	10
28	43	70
28	44	79
28	45	82
28	46	22
28	47	27
28	48	4
28	49	20
28	50	28
28	51	48
28	52	47
28	53	40
28	54	69
28	55	70
28	56	36
28	57	78
28	58	43
28	59	52
28	60	41
28	61	68
28	62	39
28	63	36
28	64	42
28	65	72
28	66	91
28	67	90
28	68	60
28	69	16
28	70	58
28	71	6
28	72	63
28	73	46
28	74	60
28	75	83
28	76	17
28	77	77
28	78	84
28	79	63
28	80	20
28	81	33
28	82	65
28	83	18
28	84	52
28	85	94
28	86	5
28	87	51
28	88	84
28	89	90
28	90	37
28	91	44
28	92	3
28	93	10
28	94	65
28	95	9
28	96	84
28	97	46
28	98	85
28	99	98
28	100	79
28	101	42
28	102	60
28	103	67
28	104	34
28	105	38
28	106	96
28	107	89
28	108	43
28	109	28
28	110	63
28	111	17
28	112	8
28	113	66
28	115	58
28	116	27
28	117	99
28	118	93
28	119	63
28	120	35
29	1	1
29	2	92
29	3	46
29	4	89
29	5	50
29	6	10
29	7	81
29	8	86
29	9	61
29	10	62
29	11	3
29	12	29
29	13	33
29	14	37
29	15	69
29	16	17
29	17	87
29	18	46
29	19	14
29	20	98
29	21	4
29	22	64
29	23	1
29	24	49
29	25	1
29	26	51
29	27	44
29	28	16
29	29	19
29	30	75
29	31	99
29	32	25
29	33	62
29	34	28
29	35	79
29	36	27
29	37	63
29	38	66
29	39	18
29	40	76
29	41	85
29	42	50
29	43	72
29	44	39
29	45	45
29	46	81
29	47	100
29	48	82
29	49	13
29	50	63
29	51	98
29	52	19
29	53	17
29	54	3
29	55	18
29	56	61
29	57	87
29	58	39
29	59	97
29	60	65
29	61	86
29	62	93
29	63	78
29	64	8
29	65	49
29	66	40
29	67	101
29	68	73
29	69	72
29	70	96
29	71	47
29	72	39
29	73	42
29	74	7
29	75	98
29	76	10
29	77	46
29	78	52
29	79	69
29	80	8
29	81	49
29	82	26
29	83	30
29	84	43
29	85	21
29	86	55
29	87	33
29	88	56
29	89	73
29	90	81
29	91	42
29	92	72
29	93	6
29	94	21
29	95	100
29	96	77
29	97	44
29	98	43
29	99	26
29	100	22
29	101	38
29	102	52
29	103	70
29	104	28
29	105	101
29	106	93
29	107	35
29	108	52
29	109	34
29	110	46
29	111	74
29	112	6
29	113	19
29	114	40
29	115	6
29	116	41
29	117	64
29	118	101
29	119	31
29	120	12
30	1	65
30	2	5
30	3	71
30	4	13
30	5	58
30	6	66
30	7	64
30	8	7
30	9	67
30	10	68
30	11	99
30	12	13
30	13	7
30	14	67
30	15	69
30	16	97
30	17	100
30	18	101
30	19	99
30	20	92
30	21	65
30	22	12
30	23	45
30	24	1
30	25	2
30	26	74
30	27	21
30	28	46
30	29	58
30	30	58
30	31	64
30	32	25
30	33	13
30	34	6
30	35	69
30	36	23
30	37	8
30	38	2
30	39	23
30	40	27
30	41	19
30	42	65
30	43	53
30	44	9
30	45	6
30	46	6
30	47	14
30	48	54
30	49	85
30	50	82
30	51	27
30	52	87
30	53	48
30	54	54
30	55	68
30	56	73
30	57	12
30	58	59
30	59	47
30	60	10
30	61	59
30	62	84
30	63	79
30	64	2
30	65	72
30	66	42
30	67	15
30	68	26
30	69	44
30	70	58
30	71	29
30	72	92
30	73	3
30	74	16
30	75	12
30	76	57
30	77	40
30	78	61
30	79	101
30	80	14
30	81	81
30	82	14
30	83	38
30	84	11
30	85	61
30	86	40
30	87	83
30	88	93
30	89	95
30	90	26
30	91	26
30	92	50
30	93	4
30	94	76
30	95	57
30	96	89
30	97	30
30	98	97
30	99	101
30	100	95
30	101	1
30	102	90
30	103	55
30	104	10
30	105	48
30	106	17
30	107	90
30	108	83
30	109	23
30	110	64
30	111	97
30	112	95
30	113	36
30	114	15
30	115	68
30	116	78
30	117	100
30	118	46
30	119	100
30	120	34
31	1	91
31	2	99
31	3	7
31	4	85
31	5	55
31	6	72
31	7	5
31	8	41
31	9	9
31	10	64
31	11	52
31	12	85
31	13	61
31	14	99
31	15	35
31	16	40
31	17	2
31	18	31
31	19	96
31	20	52
31	21	19
31	22	62
31	23	76
31	24	33
31	25	28
31	26	32
31	27	16
31	28	17
31	29	96
31	30	54
31	31	72
31	32	70
31	33	94
31	34	83
31	35	63
31	36	51
31	37	59
31	38	92
31	39	27
31	40	93
31	41	35
31	42	52
31	43	93
31	44	32
31	45	6
31	46	88
31	47	79
31	48	67
31	49	100
31	50	85
31	51	101
31	52	63
31	53	101
31	54	75
31	55	98
31	56	64
31	57	87
31	58	84
31	59	40
31	60	9
31	61	59
31	62	86
31	63	95
31	64	91
31	65	40
31	66	8
31	67	36
31	68	66
31	69	35
31	70	59
31	71	42
31	72	67
31	73	72
31	74	71
31	75	64
31	76	86
31	77	41
31	78	37
31	79	64
31	80	38
31	81	39
31	82	15
31	83	78
31	84	59
31	85	92
31	86	11
31	87	44
31	88	63
31	89	58
31	90	67
31	91	53
31	92	6
31	93	9
31	94	23
31	95	88
31	96	79
31	97	77
31	98	60
31	99	89
31	100	94
31	101	49
31	102	52
31	103	11
31	104	16
31	105	78
31	106	84
31	107	88
31	108	12
31	109	26
31	110	96
31	111	84
31	112	85
31	113	89
31	114	39
31	115	86
31	116	61
31	117	45
31	118	51
31	119	36
31	120	73
32	1	64
32	2	24
32	3	96
32	4	83
32	5	58
32	6	42
32	7	81
32	8	82
32	9	74
32	10	18
32	11	37
32	12	71
32	13	81
32	14	28
32	15	51
32	16	8
32	17	60
32	18	55
32	19	37
32	20	36
32	21	2
32	22	66
32	23	85
32	24	11
32	26	36
32	27	95
32	28	93
32	29	36
32	30	42
32	31	94
32	32	22
32	33	49
32	34	33
32	35	91
32	36	43
32	37	45
32	38	7
32	39	31
32	40	23
32	41	41
32	42	41
32	43	55
32	44	34
32	45	22
32	46	96
32	47	39
32	48	84
32	49	67
32	50	80
32	51	38
32	52	65
32	53	91
32	54	30
32	55	92
32	56	24
32	57	60
32	58	3
32	59	27
32	60	48
32	61	34
32	62	59
32	63	52
32	64	20
32	65	93
32	66	18
32	67	20
32	68	24
32	69	42
32	70	71
32	71	66
32	72	85
32	73	61
32	74	38
32	75	40
32	76	48
32	77	32
32	78	51
32	79	37
32	80	58
32	81	51
32	82	24
32	83	55
32	84	2
32	86	43
32	87	24
32	88	19
32	89	19
32	90	76
32	91	11
32	92	63
32	93	95
32	94	69
32	95	100
32	96	98
32	97	51
32	98	11
32	99	11
32	100	39
32	101	28
32	102	10
32	103	60
32	104	59
32	105	24
32	106	26
32	107	100
32	108	74
32	109	75
32	110	75
32	111	6
32	112	64
32	113	51
32	114	38
32	115	35
32	116	44
32	117	50
32	118	10
32	119	23
32	120	18
33	1	23
33	2	70
33	3	65
33	4	99
33	5	69
33	6	90
33	7	77
33	8	44
33	9	92
33	10	9
33	11	25
33	12	35
33	13	100
33	14	65
33	15	20
33	16	47
33	17	66
33	18	30
33	19	82
33	20	33
33	21	62
33	22	56
33	23	43
33	24	56
33	25	16
33	26	21
33	27	58
33	28	5
33	29	59
33	30	63
33	31	14
33	32	32
33	33	41
33	34	96
33	35	10
33	36	21
33	37	3
33	38	21
33	39	70
33	40	56
33	41	95
33	42	90
33	43	15
33	44	79
33	45	42
33	46	28
33	47	23
33	48	44
33	49	95
33	50	91
33	51	64
33	52	79
33	53	52
33	54	89
33	55	79
33	56	61
33	57	40
33	58	55
33	59	92
33	60	51
33	61	24
33	62	47
33	63	83
33	64	79
33	65	69
33	66	40
33	67	5
33	68	7
33	69	63
33	70	84
33	71	25
33	72	85
33	73	23
33	74	65
33	75	10
33	76	12
33	77	51
33	78	42
33	79	88
33	80	3
33	81	83
33	82	73
33	83	90
33	84	30
33	85	44
33	86	21
33	87	96
33	88	5
33	89	54
33	90	74
33	91	85
33	92	9
33	93	27
33	94	28
33	95	73
33	96	83
33	97	47
33	98	92
33	99	10
33	100	99
33	101	6
33	102	14
33	103	59
33	104	94
33	105	59
33	106	48
33	107	76
33	108	26
33	109	27
33	110	42
33	111	35
33	112	26
33	113	55
33	114	81
33	115	13
33	116	6
33	117	60
33	118	71
33	119	12
33	120	17
34	1	52
34	2	53
34	3	40
34	4	55
34	5	93
34	6	57
34	7	34
34	8	32
34	9	77
34	10	32
34	11	48
34	12	37
34	13	52
34	14	27
34	15	65
34	16	54
34	17	87
34	18	26
34	19	25
34	20	92
34	21	16
34	22	88
34	23	16
34	24	21
34	25	20
34	26	15
34	27	62
34	28	99
34	29	42
34	30	92
34	31	1
34	32	39
34	33	23
34	34	4
34	35	62
34	36	45
34	37	88
34	38	78
34	39	55
34	40	85
34	41	33
34	42	29
34	43	5
34	44	61
34	45	40
34	46	73
34	47	87
34	48	24
34	49	76
34	50	64
34	51	61
34	52	72
34	53	92
34	54	3
34	55	95
34	56	84
34	57	72
34	58	82
34	59	65
34	60	33
34	61	1
34	62	32
34	63	18
34	64	57
34	65	12
34	66	39
34	67	68
34	68	82
34	69	86
34	70	11
34	71	34
34	72	23
34	73	2
34	74	85
34	75	89
34	76	69
34	77	32
34	78	21
34	79	94
34	80	92
34	81	78
34	82	85
34	83	85
34	84	57
34	85	55
34	86	19
34	87	29
34	88	65
34	90	55
34	91	66
34	92	97
34	93	89
34	94	3
34	95	61
34	96	37
34	97	67
34	98	61
34	99	84
34	100	44
34	101	64
34	102	71
34	103	98
34	104	54
34	105	63
34	106	71
34	108	69
34	109	27
34	110	39
34	111	19
34	112	32
34	113	100
34	114	10
34	115	48
34	116	52
34	117	32
34	118	12
34	119	44
34	120	60
35	1	9
35	2	78
35	3	58
35	4	26
35	5	2
35	6	62
35	7	45
35	8	49
35	9	66
35	10	25
35	11	58
35	12	98
35	13	29
35	14	96
35	15	29
35	16	101
35	17	53
35	18	56
35	19	94
35	20	66
35	21	52
35	22	92
35	23	77
35	24	46
35	25	50
35	26	5
35	27	65
35	28	2
35	29	50
35	30	45
35	31	12
35	32	19
35	33	66
35	34	82
35	35	43
35	36	32
35	37	89
35	38	84
35	39	90
35	40	27
35	41	29
35	42	60
35	43	80
35	44	24
35	45	92
35	46	66
35	47	95
35	48	95
35	49	34
35	50	70
35	51	67
35	52	92
35	53	91
35	54	92
35	55	75
35	56	50
35	57	10
35	58	33
35	59	12
35	60	85
35	61	89
35	62	36
35	63	73
35	64	18
35	65	83
35	66	21
35	67	20
35	68	91
35	69	38
35	70	24
35	71	49
35	72	60
35	73	56
35	74	15
35	75	59
35	76	21
35	77	88
35	78	29
35	79	29
35	80	41
35	81	18
35	82	5
35	83	53
35	84	50
35	85	39
35	86	87
35	87	28
35	88	25
35	89	35
35	90	8
35	91	94
35	92	47
35	93	51
35	94	80
35	95	50
35	96	95
35	97	40
35	98	61
35	99	32
35	100	6
35	101	59
35	102	44
35	103	3
35	104	78
35	105	1
35	106	37
35	107	19
35	108	99
35	109	101
35	110	63
35	111	91
35	112	10
35	113	36
35	114	87
35	115	59
35	116	28
35	118	73
35	119	34
35	120	31
36	1	1
36	2	30
36	3	41
36	4	3
36	5	74
36	6	65
36	7	95
36	8	1
36	9	47
36	10	87
36	11	84
36	12	1
36	13	59
36	14	19
36	15	64
36	16	75
36	17	34
36	18	9
36	19	98
36	20	66
36	21	11
36	22	78
36	23	79
36	24	84
36	25	2
36	26	27
36	27	36
36	28	83
36	29	71
36	30	69
36	31	11
36	32	40
36	33	38
36	34	56
36	35	76
36	36	67
36	37	95
36	38	12
36	39	76
36	40	39
36	41	38
36	42	43
36	43	97
36	44	43
36	45	96
36	46	7
36	47	86
36	48	58
36	49	57
36	50	29
36	51	97
36	52	89
36	53	22
36	54	30
36	55	59
36	56	17
36	57	40
36	58	11
36	59	26
36	60	87
36	61	23
36	62	54
36	63	100
36	64	75
36	65	34
36	66	40
36	67	61
36	68	10
36	69	6
36	70	30
36	71	21
36	72	23
36	73	62
36	74	75
36	75	4
36	76	21
36	77	6
36	78	97
36	79	5
36	80	44
36	81	94
36	82	9
36	84	16
36	85	64
36	86	98
36	87	82
36	88	91
36	89	68
36	90	47
36	91	5
36	92	46
36	93	53
36	94	9
36	95	99
36	96	55
36	97	72
36	98	52
36	99	82
36	100	37
36	101	85
36	102	13
36	103	93
36	104	69
36	105	8
36	106	26
36	107	16
36	108	86
36	109	100
36	110	9
36	111	84
36	112	73
36	113	63
36	114	66
36	115	62
36	116	95
36	117	94
36	118	55
36	119	55
36	120	51
37	1	13
37	2	38
37	3	88
37	4	46
37	5	72
37	6	92
37	7	21
37	9	76
37	10	56
37	11	68
37	12	16
37	13	13
37	14	66
37	15	68
37	16	55
37	17	55
37	18	35
37	19	25
37	20	81
37	21	10
37	22	47
37	23	8
37	24	81
37	25	96
37	26	36
37	27	56
37	28	3
37	29	67
37	30	60
37	31	65
37	32	51
37	33	45
37	34	54
37	35	1
37	36	77
37	37	8
37	38	3
37	39	42
37	40	39
37	41	18
37	42	59
37	43	33
37	44	60
37	45	86
37	46	71
37	47	84
37	48	44
37	49	48
37	50	19
37	52	97
37	53	83
37	54	27
37	56	88
37	57	29
37	58	62
37	59	12
37	60	23
37	61	78
37	62	24
37	63	9
37	64	60
37	65	19
37	66	90
37	67	98
37	68	39
37	69	70
37	70	14
37	71	91
37	72	96
37	73	4
37	74	19
37	75	44
37	76	32
37	77	95
37	78	84
37	79	80
37	80	100
37	81	50
37	82	17
37	83	75
37	84	66
37	85	91
37	86	17
37	87	14
37	88	95
37	89	44
37	90	35
37	91	20
37	92	45
37	93	86
37	94	44
37	95	47
37	96	23
37	97	49
37	98	3
37	99	88
37	100	81
37	101	32
37	102	2
37	103	50
37	104	76
37	105	37
37	106	49
37	107	2
37	108	59
37	109	31
37	110	66
37	111	4
37	112	69
37	113	47
37	114	46
37	115	38
37	116	93
37	117	30
37	118	21
37	119	51
37	120	100
38	1	82
38	2	63
38	3	50
38	4	94
38	5	59
38	6	18
38	7	95
38	9	52
38	10	93
38	11	33
38	12	5
38	13	23
38	14	46
38	15	47
38	16	88
38	17	22
38	18	87
38	19	7
38	20	10
38	21	53
38	22	39
38	23	25
38	24	21
38	25	18
38	26	69
38	27	99
38	28	17
38	29	2
38	30	75
38	31	45
38	32	24
38	33	12
38	34	80
38	35	26
38	36	94
38	37	8
38	38	32
38	39	6
38	40	15
38	41	66
38	42	39
38	43	15
38	44	74
38	45	9
38	46	24
38	47	84
38	48	55
38	49	68
38	50	101
38	51	78
38	52	4
38	53	51
38	54	49
38	55	50
38	56	97
38	57	3
38	58	57
38	59	20
38	60	13
38	61	33
38	62	63
38	63	81
38	64	85
38	65	49
38	66	101
38	67	70
38	68	10
38	69	70
38	70	101
38	71	5
38	72	101
38	73	16
38	74	3
38	75	62
38	76	86
38	77	4
38	78	58
38	79	82
38	80	52
38	81	51
38	82	75
38	83	66
38	84	34
38	85	24
38	86	87
38	87	92
38	88	22
38	89	47
38	90	35
38	91	27
38	92	96
38	93	2
38	94	79
38	95	66
38	96	47
38	97	11
38	98	91
38	99	44
38	100	31
38	101	100
38	102	6
38	103	22
38	104	48
38	105	18
38	106	38
38	107	56
38	108	97
38	109	85
38	110	81
38	111	84
38	112	6
38	113	23
38	114	90
38	115	45
38	116	85
38	117	48
38	118	69
38	119	64
38	120	37
39	1	23
39	2	61
39	3	23
39	4	40
39	5	99
39	6	16
39	7	18
39	8	30
39	9	29
39	10	15
39	11	93
39	12	60
39	13	45
39	14	20
39	15	47
39	16	38
39	17	38
39	18	60
39	19	20
39	20	63
39	21	28
39	22	56
39	23	34
39	24	19
39	25	90
39	26	47
39	27	36
39	28	16
39	29	8
39	30	47
39	31	22
39	32	62
39	33	36
39	34	67
39	35	69
39	36	45
39	37	59
39	38	92
39	39	50
39	40	91
39	41	39
39	42	81
39	43	21
39	44	76
39	45	27
39	46	53
39	47	29
39	48	51
39	49	70
39	50	49
39	51	80
39	52	29
39	53	19
39	54	48
39	55	63
39	56	72
39	57	75
39	58	72
39	59	56
39	60	94
39	61	74
39	62	68
39	63	6
39	64	13
39	65	79
39	66	86
39	67	78
39	68	75
39	69	86
39	70	22
39	71	99
39	72	101
39	73	63
39	74	28
39	75	78
39	76	40
39	77	50
39	78	82
39	79	52
39	80	87
39	81	33
39	82	20
39	83	10
39	84	89
39	85	65
39	86	85
39	87	78
39	88	48
39	89	17
39	90	25
39	91	33
39	92	101
39	93	54
39	94	61
39	95	9
39	96	52
39	97	60
39	98	25
39	99	30
39	100	20
39	101	29
39	102	68
39	103	89
39	104	40
39	105	11
39	106	63
39	107	12
39	108	15
39	109	85
39	110	93
39	111	35
39	112	58
39	113	97
39	114	31
39	115	34
39	116	17
39	117	3
39	118	49
39	119	27
39	120	51
40	1	17
40	2	56
40	3	68
40	4	99
40	5	8
40	6	1
40	7	58
40	8	86
40	9	79
40	10	58
40	11	10
40	12	74
40	13	101
40	14	7
40	15	93
40	16	21
40	17	94
40	18	6
40	19	8
40	20	67
40	21	52
40	22	59
40	23	78
40	24	58
40	25	11
40	26	53
40	27	35
40	28	57
40	29	72
40	30	94
40	31	2
40	32	19
40	33	74
40	34	18
40	35	78
40	36	20
40	37	69
40	38	1
40	39	61
40	40	37
40	41	78
40	42	97
40	43	28
40	44	57
40	45	72
40	46	8
40	47	77
40	48	81
40	49	67
40	50	35
40	51	53
40	52	71
40	53	87
40	54	71
40	55	69
40	56	60
40	57	39
40	58	88
40	59	72
40	60	86
40	61	40
40	62	73
40	63	49
40	64	28
40	65	19
40	66	58
40	67	89
40	68	21
40	69	60
40	71	55
40	72	89
40	73	22
40	74	49
40	75	56
40	76	67
40	77	41
40	78	16
40	79	78
40	80	71
40	81	3
40	82	28
40	83	58
40	84	31
40	85	54
40	86	9
40	87	62
40	88	99
40	89	84
40	90	45
40	91	16
40	92	55
40	93	34
40	94	79
40	95	62
40	96	14
40	97	37
40	98	51
40	99	18
40	100	47
40	101	65
40	102	25
40	103	40
40	104	58
40	106	58
40	107	4
40	108	46
40	109	57
40	110	67
40	111	71
40	112	23
40	113	71
40	114	13
40	115	87
40	116	82
40	117	69
40	118	62
40	119	65
40	120	31
41	1	13
41	2	34
41	3	60
41	4	7
41	5	34
41	6	50
41	7	64
41	8	84
41	9	53
41	10	1
41	11	87
41	12	99
41	13	99
41	14	58
41	15	80
41	16	65
41	17	54
41	18	50
41	19	75
41	20	23
41	21	40
41	22	97
41	23	40
41	24	74
41	25	68
41	26	85
41	27	86
41	28	54
41	29	69
41	30	61
41	31	69
41	32	10
41	33	25
41	34	93
41	35	66
41	36	80
41	37	31
41	38	51
41	39	59
41	40	75
41	41	94
41	42	4
41	43	50
41	44	95
41	45	18
41	46	19
41	47	31
41	48	75
41	49	67
41	50	72
41	51	99
41	52	38
41	53	8
41	54	70
41	55	97
41	56	78
41	57	100
41	58	17
41	59	88
41	60	51
41	61	27
41	62	99
41	63	83
41	64	15
41	65	18
41	66	15
41	67	53
41	68	14
41	69	91
41	70	14
41	71	49
41	72	55
41	73	62
41	74	21
41	75	99
41	76	95
41	77	25
41	78	14
41	79	42
41	80	36
41	81	57
41	82	56
41	83	79
41	84	5
41	85	35
41	86	73
41	87	41
41	88	15
41	89	69
41	90	13
41	91	45
41	92	14
41	93	74
41	94	64
41	95	71
41	96	54
41	97	45
41	98	98
41	99	21
41	100	51
41	101	43
41	102	58
41	103	90
41	104	20
41	105	71
41	106	16
41	107	24
41	108	56
41	109	62
41	110	55
41	111	41
41	112	36
41	113	69
41	114	2
41	115	30
41	116	101
41	117	16
41	118	91
41	119	79
41	120	65
42	1	63
42	2	82
42	3	82
42	4	91
42	5	21
42	6	45
42	7	36
42	8	13
42	9	86
42	10	5
42	11	56
42	12	82
42	13	20
42	14	3
42	15	93
42	16	41
42	17	51
42	18	32
42	19	20
42	20	35
42	21	39
42	23	61
42	24	53
42	25	2
42	26	32
42	27	36
42	28	6
42	29	35
42	30	61
42	31	14
42	32	69
42	33	64
42	34	11
42	35	18
42	36	11
42	37	29
42	38	93
42	39	56
42	40	50
42	41	4
42	42	1
42	43	47
42	44	20
42	45	16
42	46	6
42	47	85
42	48	36
42	49	40
42	50	7
42	51	61
42	52	20
42	53	2
42	54	100
42	55	1
42	56	16
42	57	79
42	58	58
42	59	79
42	60	89
42	61	30
42	62	91
42	63	93
42	64	76
42	65	72
42	66	31
42	67	7
42	68	51
42	69	64
42	70	20
42	71	22
42	72	54
42	73	40
42	74	45
42	75	33
42	76	64
42	77	28
42	78	26
42	79	24
42	80	86
42	81	71
42	82	3
42	83	51
42	84	79
42	85	95
42	86	59
42	87	50
42	88	9
42	89	45
42	90	87
42	91	101
42	92	57
42	93	21
42	94	93
42	95	28
42	96	24
42	97	75
42	98	31
42	99	31
42	100	64
42	101	97
42	102	46
42	103	97
42	104	72
42	105	16
42	106	33
42	107	75
42	108	69
42	109	70
42	110	21
42	111	20
42	112	61
42	113	35
42	114	94
42	115	39
42	116	67
42	117	60
42	118	26
42	119	38
42	120	43
43	1	77
43	2	64
43	3	44
43	4	39
43	5	58
43	6	79
43	7	80
43	8	54
43	9	26
43	10	31
43	11	76
43	12	73
43	13	24
43	14	81
43	15	84
43	16	15
43	17	40
43	18	56
43	19	42
43	20	80
43	21	48
43	22	82
43	23	70
43	24	49
43	25	66
43	26	2
43	27	55
43	28	39
43	29	89
43	30	91
43	31	39
43	32	85
43	33	46
43	34	56
43	35	93
43	36	9
43	37	18
43	38	25
43	39	93
43	40	14
43	41	99
43	42	56
43	43	100
43	44	97
43	45	40
43	46	75
43	47	11
43	48	41
43	49	79
43	50	75
43	51	39
43	52	95
43	53	83
43	54	50
43	55	14
43	56	68
43	57	69
43	58	68
43	59	34
43	60	32
43	61	21
43	62	6
43	63	99
43	64	95
43	65	75
43	66	81
43	67	26
43	68	36
43	69	74
43	70	78
43	71	15
43	72	50
43	73	61
43	74	100
43	75	57
43	76	89
43	77	51
43	78	61
43	79	72
43	80	53
43	81	75
43	82	10
43	83	80
43	84	6
43	85	45
43	86	92
43	87	4
43	88	53
43	89	10
43	90	55
43	91	85
43	92	18
43	93	51
43	94	23
43	95	5
43	96	26
43	97	60
43	98	16
43	99	77
43	100	6
43	101	19
43	102	45
43	103	26
43	104	5
43	105	52
43	106	50
43	107	85
43	108	99
43	109	51
43	110	29
43	111	91
43	112	39
43	113	15
43	114	43
43	115	27
43	116	82
43	117	80
43	118	28
43	119	72
43	120	79
44	1	80
44	2	81
44	3	92
44	4	61
44	5	79
44	6	27
44	7	34
44	8	67
44	9	67
44	10	47
44	11	12
44	12	17
44	13	4
44	14	83
44	15	92
44	16	14
44	17	97
44	18	41
44	19	7
44	20	101
44	21	4
44	22	22
44	23	90
44	24	12
44	25	92
44	26	53
44	27	88
44	28	44
44	29	69
44	30	15
44	31	77
44	32	75
44	33	6
44	34	5
44	35	87
44	36	37
44	37	27
44	38	15
44	39	43
44	40	39
44	41	94
44	42	95
44	43	45
44	44	1
44	45	25
44	46	69
44	47	38
44	48	76
44	49	47
44	50	45
44	51	38
44	52	37
44	53	71
44	54	20
44	55	45
44	56	58
44	57	20
44	58	16
44	59	66
44	60	95
44	61	47
44	62	55
44	63	74
44	64	97
44	65	70
44	66	56
44	67	46
44	68	26
44	69	89
44	70	64
44	71	15
44	72	42
44	73	6
44	74	30
44	75	2
44	76	87
44	77	71
44	79	34
44	80	13
44	81	14
44	82	41
44	83	41
44	84	44
44	85	50
44	86	93
44	87	98
44	88	60
44	89	93
44	90	21
44	91	17
44	92	34
44	93	6
44	94	11
44	95	63
44	96	55
44	97	72
44	98	68
44	99	15
44	100	57
44	101	38
44	102	18
44	103	68
44	104	67
44	105	7
44	106	79
44	107	12
44	108	89
44	109	73
44	110	73
44	111	32
44	112	52
44	113	5
44	114	3
44	115	49
44	116	94
44	117	61
44	118	95
44	119	94
45	1	82
45	2	50
45	3	98
45	4	8
45	5	21
45	6	75
45	7	19
45	8	90
45	9	43
45	10	46
45	11	56
45	12	29
45	13	74
45	14	67
45	15	11
45	16	29
45	17	40
45	18	40
45	19	68
45	20	16
45	21	42
45	22	32
45	23	99
45	24	80
45	25	5
45	26	33
45	27	91
45	28	100
45	29	11
45	30	10
45	31	45
45	32	77
45	33	5
45	34	14
45	35	54
45	36	79
45	37	14
45	38	65
45	39	95
45	40	74
45	41	27
45	42	76
45	43	24
45	44	24
45	45	89
45	46	98
45	47	42
45	48	43
45	49	20
45	50	44
45	51	30
45	52	61
45	53	70
45	54	26
45	55	97
45	56	1
45	57	93
45	58	25
45	59	21
45	60	40
45	61	69
45	62	40
45	63	82
45	64	17
45	65	87
45	66	68
45	67	101
45	68	5
45	69	61
45	70	46
45	71	78
45	72	55
45	73	36
45	74	14
45	75	78
45	76	26
45	77	94
45	78	29
45	79	99
45	80	55
45	81	40
45	82	63
45	83	66
45	84	89
45	85	90
45	86	6
45	87	100
45	88	33
45	89	13
45	90	64
45	91	18
45	92	64
45	93	54
45	94	88
45	95	4
45	96	96
45	97	17
45	98	51
45	99	39
45	100	82
45	101	37
45	102	67
45	103	7
45	104	84
45	105	88
45	106	100
45	107	27
45	109	86
45	110	79
45	111	8
45	112	14
45	113	17
45	114	94
45	115	24
45	116	77
45	117	27
45	118	3
45	119	95
45	120	90
46	1	73
46	2	21
46	3	45
46	4	93
46	5	91
46	6	40
46	7	48
46	8	9
46	9	61
46	10	90
46	11	82
46	12	22
46	13	50
46	14	82
46	15	61
46	16	74
46	17	100
46	18	73
46	19	29
46	20	79
46	21	98
46	22	47
46	24	12
46	25	42
46	26	31
46	27	80
46	28	43
46	29	82
46	30	54
46	31	27
46	32	26
46	34	40
46	35	38
46	36	88
46	37	31
46	38	45
46	39	12
46	40	7
46	41	88
46	42	83
46	43	8
46	44	58
46	45	88
46	46	82
46	47	42
46	48	63
46	49	43
46	50	63
46	51	46
46	52	87
46	54	45
46	55	35
46	56	76
46	57	67
46	58	16
46	59	54
46	60	81
46	61	75
46	62	88
46	63	94
46	64	63
46	65	67
46	66	22
46	67	82
46	68	1
46	69	47
46	70	32
46	71	13
46	72	62
46	73	54
46	74	96
46	75	3
46	76	63
46	77	17
46	78	83
46	79	66
46	80	67
46	81	49
46	82	63
46	83	32
46	84	83
46	85	88
46	86	37
46	87	8
46	88	67
46	89	80
46	90	8
46	91	64
46	92	22
46	93	93
46	94	74
46	95	36
46	96	75
46	97	2
46	98	43
46	99	72
46	100	92
46	101	7
46	102	62
46	103	31
46	104	19
46	105	41
46	106	62
46	107	84
46	108	77
46	109	72
46	110	93
46	111	32
46	112	79
46	113	45
46	114	101
46	115	81
46	116	94
46	117	45
46	118	93
46	119	75
46	120	75
47	1	26
47	2	86
47	3	2
47	4	54
47	5	29
47	6	78
47	7	29
47	8	82
47	9	68
47	10	50
47	11	16
47	12	41
47	13	22
47	14	32
47	15	83
47	16	13
47	17	77
47	18	2
47	19	77
47	20	15
47	21	100
47	22	78
47	23	62
47	24	84
47	25	95
47	26	69
47	27	71
47	28	54
47	29	89
47	30	24
47	31	84
47	32	38
47	33	45
47	34	62
47	35	91
47	36	85
47	37	99
47	38	9
47	39	50
47	40	20
47	41	39
47	42	96
47	43	35
47	44	90
47	45	5
47	46	96
47	47	90
47	48	29
47	49	78
47	50	9
47	51	7
47	52	57
47	53	23
47	54	2
47	55	87
47	56	101
47	57	54
47	58	100
47	59	73
47	60	45
47	61	41
47	62	96
47	63	62
47	64	18
47	65	57
47	66	17
47	67	23
47	68	92
47	69	101
47	70	26
47	71	41
47	72	69
47	73	34
47	74	11
47	75	51
47	76	94
47	77	83
47	78	30
47	79	18
47	80	3
47	81	99
47	82	24
47	83	6
47	84	76
47	85	20
47	86	93
47	87	60
47	88	82
47	89	101
47	90	77
47	91	40
47	92	39
47	93	34
47	94	16
47	95	62
47	96	101
47	97	75
47	98	68
47	99	1
47	100	92
47	101	71
47	102	49
47	103	100
47	104	38
47	105	48
47	106	70
47	107	21
47	108	63
47	109	42
47	110	75
47	111	7
47	112	54
47	113	45
47	114	70
47	115	55
47	116	76
47	117	60
47	118	49
47	119	48
47	120	29
48	1	87
48	2	97
48	3	98
48	4	49
48	5	55
48	6	36
48	7	2
48	8	66
48	9	79
48	10	63
48	11	98
48	12	78
48	13	6
48	14	76
48	15	46
48	16	15
48	17	92
48	18	26
48	19	79
48	20	84
48	21	11
48	22	56
48	23	15
48	24	38
48	25	14
48	26	17
48	27	58
48	28	50
48	29	93
48	30	87
48	31	89
48	32	39
48	33	68
48	34	89
48	35	16
48	37	86
48	38	99
48	39	2
48	40	80
48	41	63
48	42	27
48	43	32
48	44	82
48	45	75
48	46	19
48	47	64
48	48	70
48	49	69
48	50	61
48	51	58
48	52	12
48	53	101
48	54	90
48	55	7
48	56	50
48	57	41
48	58	13
48	59	87
48	60	88
48	61	6
48	62	25
48	63	100
48	64	80
48	65	42
48	66	27
48	67	35
48	68	51
48	69	101
48	70	2
48	71	37
48	72	100
48	73	23
48	74	30
48	75	58
48	76	60
48	78	32
48	79	85
48	80	10
48	81	60
48	82	97
48	83	65
48	84	20
48	85	2
48	86	51
48	87	67
48	88	1
48	89	62
48	90	57
48	91	15
48	92	57
48	93	42
48	94	43
48	95	34
48	96	77
48	97	9
48	98	79
48	99	1
48	100	65
48	101	43
48	102	85
48	103	95
48	104	16
48	105	68
48	106	51
48	107	41
48	108	35
48	109	82
48	110	80
48	111	88
48	112	30
48	113	100
48	114	25
48	115	13
48	116	78
48	117	31
48	118	98
48	119	39
48	120	22
49	2	76
49	3	73
49	4	22
49	5	99
49	6	23
49	7	40
49	8	92
49	9	39
49	10	89
49	11	15
49	12	17
49	13	23
49	14	9
49	15	40
49	16	54
49	17	48
49	18	24
49	19	12
49	20	99
49	21	6
49	22	35
49	23	73
49	24	55
49	25	38
49	26	64
49	27	2
49	28	63
49	29	95
49	30	46
49	31	22
49	32	37
49	33	85
49	34	94
49	35	71
49	36	96
49	37	49
49	38	81
49	39	25
49	41	15
49	42	72
49	43	62
49	44	86
49	45	26
49	46	69
49	47	41
49	48	94
49	49	43
49	50	15
49	51	87
49	52	94
49	55	89
49	56	41
49	57	33
49	58	47
49	59	62
49	60	100
49	61	52
49	62	2
49	63	10
49	64	67
49	65	52
49	66	79
49	67	73
49	68	37
49	69	95
49	70	19
49	71	82
49	72	95
49	73	28
49	74	69
49	75	70
49	76	70
49	77	96
49	78	89
49	79	80
49	80	80
49	81	57
49	82	50
49	83	27
49	84	7
49	85	78
49	86	3
49	87	57
49	88	87
49	89	94
49	90	7
49	91	9
49	92	3
49	93	93
49	94	90
49	95	1
49	96	80
49	97	6
49	98	84
49	99	88
49	100	100
49	101	78
49	102	27
49	103	57
49	104	98
49	105	29
49	106	59
49	107	36
49	108	96
49	109	52
49	110	46
49	111	69
49	112	30
49	113	82
49	114	34
49	115	19
49	116	34
49	117	41
49	118	28
49	119	42
49	120	35
50	1	85
50	2	54
50	3	95
50	4	92
50	5	41
50	6	42
50	7	27
50	8	86
50	9	77
50	10	19
50	11	67
50	12	51
50	13	101
50	14	83
50	15	75
50	16	22
50	17	48
50	18	97
50	19	15
50	20	57
50	21	84
50	22	31
50	23	98
50	24	37
50	25	91
50	26	56
50	27	59
50	28	28
50	29	9
50	30	1
50	31	53
50	32	45
50	33	29
50	34	16
50	35	61
50	36	89
50	37	97
50	38	85
50	39	35
50	40	54
50	41	16
50	42	36
50	43	79
50	44	26
50	45	33
50	46	101
50	47	89
50	48	2
50	49	30
50	50	41
50	51	63
50	52	48
50	53	82
50	54	1
50	55	69
50	56	27
50	57	50
50	58	64
50	59	73
50	60	92
50	61	41
50	62	23
50	63	54
50	64	16
50	65	77
50	66	17
50	67	44
50	68	51
50	69	2
50	70	42
50	71	11
50	72	76
50	73	4
50	74	13
50	75	51
50	76	48
50	77	59
50	78	78
50	79	65
50	80	13
50	81	49
50	82	81
50	83	90
50	84	77
50	85	6
50	86	96
50	87	75
50	88	31
50	89	31
50	90	83
50	91	93
50	92	59
50	94	72
50	95	75
50	96	31
50	97	20
50	98	51
50	99	5
50	100	59
50	101	77
50	102	33
50	103	53
50	104	39
50	105	71
50	106	61
50	107	67
50	108	98
50	109	98
50	110	66
50	111	31
50	112	22
50	113	46
50	114	43
50	115	71
50	116	2
50	117	20
50	118	10
50	119	64
50	120	69
51	1	44
51	2	10
51	4	42
51	5	101
51	6	38
51	7	10
51	8	40
51	9	46
51	10	19
51	11	99
51	12	93
51	13	36
51	14	17
51	15	17
51	16	41
51	17	4
51	18	94
51	19	73
51	20	25
51	21	100
51	22	73
51	23	87
51	25	1
51	26	46
51	27	25
51	28	65
51	29	27
51	30	52
51	31	35
51	32	43
51	33	8
51	34	25
51	35	37
51	36	94
51	37	43
51	38	98
51	39	72
51	40	27
51	41	98
51	42	56
51	43	67
51	44	54
51	45	89
51	46	69
51	47	91
51	48	59
51	49	80
51	50	64
51	51	99
51	52	85
51	53	66
51	54	13
51	55	11
51	56	58
51	57	2
51	58	61
51	59	73
51	60	27
51	61	93
51	62	54
51	63	73
51	64	18
51	65	52
51	66	98
51	67	63
51	68	52
51	69	62
51	70	88
51	71	48
51	72	34
51	73	84
51	74	63
51	75	62
51	76	36
51	77	46
51	78	87
51	79	63
51	80	35
51	81	80
51	82	40
51	83	89
51	84	66
51	85	66
51	86	50
51	87	46
51	88	61
51	89	1
51	90	91
51	91	83
51	92	78
51	93	53
51	94	13
51	95	78
51	96	54
51	97	28
51	98	13
51	99	2
51	100	89
51	101	18
51	102	56
51	103	12
51	104	81
51	105	7
51	106	54
51	107	99
51	108	101
51	109	79
51	110	83
51	111	54
51	112	80
51	113	57
51	114	83
51	115	77
51	116	85
51	117	18
51	118	3
51	119	94
51	120	37
52	1	13
52	2	13
52	3	44
52	4	98
52	5	99
52	6	61
52	7	20
52	8	34
52	9	74
52	10	50
52	11	6
52	12	34
52	13	99
52	14	54
52	15	81
52	16	72
52	17	4
52	18	15
52	19	30
52	20	40
52	22	40
52	23	92
52	24	86
