1	1	80
1	2	30
1	3	8
1	4	64
1	5	94
1	6	67
1	7	81
1	8	99
1	9	35
1	10	10
1	11	64
1	12	40
1	13	94
1	14	45
1	15	69
1	16	6
1	17	26
1	18	60
1	19	32
1	20	67
1	21	66
1	22	94
1	24	69
1	25	31
1	27	6
1	28	29
1	29	1
1	30	44
1	31	72
1	32	52
1	33	57
1	34	60
1	35	14
1	36	14
1	37	73
1	38	81
1	39	79
1	40	56
1	41	97
1	42	50
1	43	3
1	44	13
1	45	94
1	46	22
1	47	86
1	49	72
1	50	76
1	51	56
1	52	11
1	53	63
1	54	75
1	55	68
1	56	75
1	57	11
1	58	6
1	59	76
1	60	28
1	61	34
1	62	75
1	63	34
1	64	93
1	65	98
1	66	32
1	67	47
1	68	2
1	69	28
1	70	20
1	71	75
1	72	76
1	73	6
1	74	18
1	75	76
1	76	36
1	77	80
1	78	60
1	79	14
1	80	78
1	81	42
1	82	72
1	83	3
1	84	58
1	85	62
1	86	69
1	87	42
1	88	83
1	89	10
1	90	77
1	91	16
1	92	36
1	93	46
1	94	13
1	95	28
1	96	13
1	97	45
1	98	15
1	99	49
1	100	38
1	101	12
1	102	41
1	103	99
1	104	40
1	105	16
1	106	80
1	107	34
1	108	83
1	109	94
1	110	63
1	111	100
1	112	17
1	113	8
1	114	10
1	115	37
1	116	40
1	117	82
1	118	93
1	119	90
1	120	56
2	1	54
2	2	91
2	3	6
2	4	92
2	5	58
2	6	32
2	7	31
2	8	60
2	9	101
2	10	66
2	11	61
2	12	51
2	13	21
2	14	101
2	15	17
2	16	29
2	17	96
2	18	29
2	19	36
2	20	36
2	21	66
2	22	3
2	23	14
2	24	58
2	25	82
2	26	55
2	27	66
2	28	17
2	29	12
2	30	20
2	31	11
2	32	84
2	33	94
2	34	61
2	35	91
2	36	84
2	37	24
2	38	37
2	39	17
2	40	7
2	41	99
2	42	4
2	43	64
2	44	19
2	45	19
2	46	80
2	47	11
2	48	14
2	49	52
2	50	42
2	51	22
2	52	94
2	53	29
2	54	45
2	55	42
2	56	20
2	57	79
2	58	41
2	59	46
2	60	11
2	61	14
2	62	69
2	63	32
2	64	45
2	65	53
2	66	31
2	67	40
2	68	15
2	69	101
2	70	90
2	71	22
2	72	47
2	73	68
2	74	36
2	75	23
2	76	45
2	77	6
2	78	60
2	79	39
2	80	77
2	81	64
2	82	17
2	83	59
2	84	51
2	85	2
2	86	7
2	87	67
2	88	12
2	89	47
2	90	28
2	91	79
2	92	14
2	93	45
2	94	3
2	95	50
2	96	101
2	97	98
2	98	53
2	99	90
2	100	78
2	101	94
2	102	98
2	103	67
2	104	5
2	105	27
2	106	17
2	107	75
2	108	56
2	109	76
2	110	37
2	111	45
2	112	3
2	113	74
2	114	5
2	115	70
2	116	30
2	117	93
2	118	76
2	119	69
2	120	80
3	1	24
3	2	43
3	3	6
3	4	80
3	5	93
3	6	34
3	7	63
3	8	78
3	9	66
3	10	72
3	11	57
3	12	79
3	13	30
3	14	66
3	15	71
3	16	44
3	17	53
3	18	54
3	19	58
3	20	30
3	21	45
3	22	54
3	23	76
3	24	90
3	25	23
3	26	3
3	27	72
3	28	27
3	29	98
3	30	20
3	31	35
3	32	51
3	33	74
3	34	7
3	35	101
3	36	88
3	37	25
3	38	94
3	39	90
3	40	9
3	41	27
3	42	25
3	43	81
3	44	26
3	45	2
3	46	53
3	47	8
3	48	61
3	49	48
3	50	89
3	51	28
3	53	48
3	54	47
3	55	100
3	56	23
3	57	23
3	58	55
3	59	34
3	60	62
3	61	63
3	62	44
3	63	37
3	64	95
3	65	60
3	66	13
3	67	57
3	68	11
3	69	87
3	70	21
3	71	87
3	72	25
3	73	54
3	74	42
3	75	84
3	76	19
3	77	9
3	78	18
3	79	50
3	80	12
3	81	2
3	82	7
3	83	95
3	84	13
3	85	1
3	86	37
3	87	99
3	88	74
3	89	55
3	90	96
3	91	85
3	92	51
3	93	40
3	94	42
3	95	97
3	96	5
3	97	54
3	98	95
3	99	82
3	100	45
3	101	45
3	102	96
3	103	19
3	104	33
3	105	34
3	106	49
3	107	69
3	108	81
3	109	47
3	110	71
3	111	64
3	112	9
3	113	101
3	114	84
3	115	1
3	116	90
3	117	83
3	118	74
3	119	16
3	120	96
4	1	62
4	2	81
4	3	27
4	4	94
4	5	69
4	6	22
4	7	96
4	8	6
4	9	87
4	10	26
4	11	8
4	12	37
4	13	98
4	14	5
4	15	32
4	16	94
4	17	22
4	18	6
4	19	16
4	20	28
4	21	60
4	22	16
4	23	78
4	24	87
4	25	70
4	26	36
4	27	33
4	28	98
4	29	54
4	30	68
4	31	66
4	32	60
4	33	68
4	34	98
4	35	2
4	36	92
4	37	20
4	38	28
4	39	90
4	40	58
4	41	64
4	42	40
4	43	49
4	44	71
4	45	87
4	46	24
4	47	53
4	48	76
4	49	33
4	50	47
4	51	47
4	52	70
4	53	80
4	54	69
4	55	78
4	56	60
4	57	86
4	58	14
4	59	11
4	60	39
4	61	25
4	62	26
4	63	4
4	64	95
4	65	92
4	66	76
4	67	75
4	68	53
4	69	79
4	70	62
4	71	46
4	72	61
4	73	12
4	74	55
4	75	87
4	76	85
4	77	89
4	78	42
4	79	11
4	80	96
4	81	48
4	82	20
4	83	2
4	84	57
4	85	84
4	86	63
4	87	82
4	88	8
4	89	70
4	90	49
4	91	62
4	92	43
4	93	57
4	94	19
4	95	55
4	96	95
4	97	4
4	98	11
4	99	89
4	100	81
4	101	22
4	102	21
4	103	32
4	104	36
4	105	64
4	106	14
4	107	98
4	108	72
4	109	66
4	110	41
4	111	26
4	112	28
4	113	38
4	114	80
4	115	99
4	116	14
4	117	68
4	118	61
4	119	66
4	120	6
5	1	82
5	2	60
5	3	83
5	4	100
5	5	97
5	6	6
5	7	15
5	8	60
5	9	19
5	10	66
5	11	79
5	12	95
5	13	85
5	14	77
5	15	57
5	16	58
5	17	57
5	18	58
5	19	66
5	20	94
5	21	1
5	22	66
5	23	35
5	24	26
5	25	96
5	26	92
5	27	62
5	28	41
5	29	20
5	30	55
5	31	18
5	32	58
5	33	41
5	34	8
5	35	94
5	36	42
5	37	61
5	38	25
5	39	59
5	40	47
5	41	20
5	42	31
5	43	78
5	44	75
5	45	80
5	46	84
5	47	19
5	48	53
5	49	74
5	50	34
5	51	94
5	52	81
5	53	43
5	54	19
5	55	86
5	56	95
5	57	15
5	58	11
5	59	73
5	60	36
5	61	27
5	62	99
5	63	15
5	64	74
5	65	78
5	66	2
5	67	65
5	68	86
5	69	15
5	70	20
5	71	15
5	72	4
5	73	23
5	74	22
5	75	73
5	76	36
5	77	2
5	78	49
5	79	37
5	80	23
5	81	93
5	82	93
5	83	43
5	84	77
5	85	91
5	86	25
5	87	2
5	88	33
5	89	19
5	90	71
5	91	12
5	92	76
5	93	27
5	94	72
5	95	62
5	96	46
5	97	27
5	98	15
5	99	2
5	100	84
5	101	87
5	102	99
5	103	98
5	104	40
5	105	53
5	106	40
5	107	50
5	108	77
5	109	89
5	110	43
5	111	95
5	112	38
5	113	97
5	114	86
5	115	96
5	116	76
5	117	35
5	118	36
5	119	16
5	120	64
6	1	19
6	2	8
6	3	25
6	4	16
6	5	43
6	6	61
6	7	71
6	8	78
6	9	16
6	11	22
6	12	21
6	13	23
6	14	94
6	15	30
6	16	42
6	17	31
6	18	34
6	19	76
6	20	22
6	21	12
6	22	18
6	23	28
6	24	23
6	25	80
6	26	75
6	27	28
6	28	72
6	29	97
6	30	86
6	31	34
6	32	27
6	33	30
6	34	100
6	35	25
6	36	77
6	37	36
6	38	31
6	39	41
6	40	5
6	41	95
6	42	61
6	43	8
6	45	61
6	46	57
6	47	73
6	48	93
6	49	12
6	50	57
6	51	34
6	52	27
6	53	88
6	54	19
6	55	99
6	56	21
6	57	80
6	58	3
6	59	69
6	60	94
6	61	1
6	62	36
6	63	71
6	64	34
6	65	16
6	66	15
6	67	83
6	68	9
6	69	52
6	70	20
6	71	54
6	72	14
6	73	13
6	74	73
6	75	8
6	76	40
6	77	6
6	78	72
6	79	45
6	80	58
6	81	87
6	82	43
6	83	55
6	84	86
6	85	9
6	86	90
6	87	100
6	88	54
6	89	1
6	90	95
6	91	12
6	92	46
6	93	37
6	94	18
6	95	60
6	96	16
6	97	19
6	98	97
6	99	1
6	100	57
6	101	56
6	102	19
6	103	75
6	104	52
6	105	11
6	106	69
6	107	10
6	108	40
6	109	25
6	110	35
6	111	12
6	112	94
6	113	51
6	114	93
6	115	31
6	116	61
6	117	18
6	118	70
6	119	86
6	120	11
7	1	5
7	2	7
7	3	14
7	4	100
7	5	97
7	6	47
7	7	95
7	8	36
7	9	83
7	10	25
7	11	84
7	12	9
7	13	9
7	14	37
7	15	29
7	16	45
7	17	66
7	18	70
7	19	46
7	20	12
7	21	70
7	22	14
7	23	43
7	24	90
7	25	33
7	26	8
7	27	99
7	28	58
7	29	85
7	30	47
7	31	86
7	32	101
7	33	1
7	34	65
7	35	77
7	36	48
7	37	2
7	38	69
7	39	19
7	40	62
7	41	60
7	42	88
7	43	70
7	44	27
7	45	32
7	46	78
7	47	63
7	48	72
7	49	30
7	50	54
7	51	72
7	52	86
7	53	29
7	54	8
7	55	84
7	56	54
7	57	87
7	58	10
7	59	45
7	60	9
7	61	4
7	62	43
7	63	49
7	64	66
7	65	84
7	66	11
7	67	17
7	68	20
7	69	15
7	70	71
7	71	101
7	72	96
7	73	13
7	74	36
7	75	100
7	76	78
7	77	52
7	78	1
7	79	86
7	80	93
7	81	33
7	82	63
7	83	71
7	84	50
7	85	32
7	86	39
7	87	59
7	88	82
7	89	51
7	90	48
7	91	34
7	92	101
7	93	57
7	94	60
7	95	93
7	96	67
7	97	82
7	98	90
7	99	94
7	100	10
7	101	37
7	102	55
7	103	32
7	104	6
7	105	96
7	106	74
7	107	31
7	108	79
7	109	53
7	110	25
7	111	84
7	112	56
7	113	19
7	114	5
7	115	35
7	116	34
7	117	62
7	118	93
7	119	7
7	120	63
8	1	5
8	2	87
8	3	80
8	4	8
8	5	88
8	6	32
8	7	35
8	8	84
8	9	53
8	10	46
8	11	42
8	12	9
8	13	8
8	14	73
8	15	13
8	16	49
8	17	47
8	18	38
8	19	38
8	20	79
8	21	4
8	22	84
8	23	63
8	24	15
8	25	101
8	26	35
8	27	16
8	28	1
8	29	45
8	30	82
8	31	45
8	32	81
8	33	44
8	34	22
8	35	9
8	36	86
8	37	40
8	38	77
8	39	90
8	40	60
8	41	38
8	42	84
8	43	2
8	44	36
8	45	51
8	46	26
8	47	61
8	48	65
8	49	82
8	50	50
8	51	27
8	52	77
8	53	30
8	54	1
8	55	13
8	56	42
8	57	101
8	58	2
8	59	98
8	60	45
8	61	11
8	62	51
8	63	55
8	64	98
8	65	73
8	66	73
8	67	81
8	68	84
8	69	9
8	70	67
8	71	96
8	72	84
8	73	11
8	74	35
8	75	91
8	76	49
8	77	72
8	78	7
8	79	99
8	80	6
8	81	36
8	82	49
8	83	81
8	84	25
8	85	87
8	86	54
8	87	37
8	88	4
8	89	15
8	90	97
8	91	61
8	92	1
8	93	54
8	94	3
8	95	23
8	96	52
8	97	10
8	98	2
8	99	100
8	100	96
8	101	38
8	103	59
8	104	78
8	105	82
8	106	44
8	107	10
8	108	63
8	109	72
8	110	56
8	111	95
8	112	33
8	113	76
8	114	94
8	115	57
8	116	87
8	117	57
8	118	24
8	119	18
8	120	9
9	1	98
9	2	38
9	3	47
9	4	94
9	5	81
9	6	77
9	7	94
9	8	92
9	9	44
9	10	87
9	11	79
9	12	70
9	13	8
9	14	11
9	15	54
9	16	88
9	17	27
9	18	63
9	19	52
9	20	85
9	21	58
9	22	33
9	24	64
9	25	63
9	26	73
9	27	36
9	28	52
9	29	18
9	30	14
9	31	9
9	32	52
9	33	30
9	34	91
9	35	8
9	36	71
9	37	77
9	38	51
9	39	12
9	40	59
9	41	82
9	42	73
9	43	42
9	44	28
9	45	39
9	46	21
9	47	17
9	48	93
9	49	64
9	50	98
9	51	84
9	52	55
9	53	14
9	54	98
9	55	32
9	56	45
9	57	69
9	58	90
9	59	78
9	60	6
9	61	40
9	62	85
9	63	43
9	64	57
9	65	8
9	66	63
9	67	100
9	68	27
9	69	35
9	70	77
9	71	11
9	72	31
9	73	71
9	74	17
9	75	82
9	76	9
9	77	84
9	78	65
9	79	15
9	80	84
9	81	71
9	82	52
9	83	13
9	84	65
9	85	52
9	86	55
9	87	90
9	88	44
9	89	69
9	90	30
9	91	95
9	92	59
9	93	93
9	94	74
9	95	58
9	96	36
9	97	3
9	98	38
9	99	57
9	100	27
9	101	92
9	102	77
9	103	77
9	104	86
9	105	39
9	106	80
9	107	75
9	108	36
9	109	86
9	110	98
9	111	36
9	112	38
9	113	91
9	114	69
9	115	81
9	116	60
9	117	47
9	118	24
9	119	78
9	120	44
10	1	44
10	2	56
10	3	76
10	4	89
10	5	12
10	6	20
10	7	34
10	8	28
10	9	97
10	10	13
10	11	52
10	12	80
10	13	35
10	14	83
10	15	88
10	16	67
10	17	98
10	18	91
10	19	63
10	20	79
10	21	24
10	22	89
10	23	21
10	24	41
10	25	81
10	26	75
10	27	84
10	28	78
10	29	55
10	30	67
10	31	25
10	32	73
10	33	90
10	34	16
10	35	34
10	36	78
10	37	84
10	38	48
10	39	70
10	40	44
10	41	18
10	42	100
10	43	15
10	44	46
10	45	71
10	46	1
10	47	87
10	48	10
10	49	9
10	50	31
10	51	99
10	52	87
10	53	37
10	54	5
10	55	43
10	56	1
10	57	91
10	58	28
10	59	74
10	60	28
10	61	42
10	62	34
10	63	82
10	64	19
10	65	70
10	66	95
10	67	7
10	68	42
10	69	94
10	70	15
10	71	40
10	72	36
10	73	64
10	74	48
10	75	97
10	76	86
10	77	3
10	78	72
10	79	46
10	80	94
10	81	76
10	82	14
10	83	10
10	84	49
10	85	79
10	86	59
10	87	71
10	88	76
10	89	13
10	90	93
10	91	75
10	92	17
10	93	68
10	94	98
10	95	46
10	96	88
10	97	48
10	98	79
10	99	25
10	100	62
10	101	43
10	103	75
10	104	59
10	105	2
10	106	99
10	107	80
10	108	47
10	109	59
10	110	43
10	111	32
10	112	12
10	113	98
10	114	80
10	115	97
10	116	22
10	117	22
10	118	85
10	119	80
10	120	25
11	1	26
11	2	84
11	3	92
11	4	60
11	5	33
11	6	65
11	7	76
11	8	40
11	9	21
11	10	6
11	11	85
11	12	13
11	13	22
11	14	28
11	15	72
11	16	15
11	17	87
11	18	14
11	19	22
11	20	80
11	21	2
11	22	58
11	23	33
11	24	9
11	25	4
11	26	72
11	27	65
11	28	37
11	29	78
11	30	58
11	31	64
11	32	34
11	33	40
11	34	12
11	35	60
11	36	99
11	37	72
11	38	61
11	39	95
11	40	80
11	41	86
11	42	92
11	43	94
11	44	100
11	45	44
11	46	47
11	47	62
11	48	59
11	49	28
11	50	64
11	51	70
11	52	82
11	53	101
11	54	40
11	55	10
11	56	79
11	58	27
11	59	8
11	60	69
11	61	43
11	62	8
11	63	25
11	64	80
11	65	53
11	66	79
11	67	43
11	68	15
11	69	82
11	70	62
11	71	76
11	72	18
11	73	8
11	74	48
11	75	17
11	76	74
11	77	20
11	78	18
11	79	83
11	80	1
11	81	54
11	82	64
11	83	101
11	84	31
11	85	27
11	86	18
11	88	75
11	89	91
11	90	16
11	91	84
11	92	60
11	93	74
11	94	79
11	95	46
11	96	51
11	97	39
11	98	33
11	99	28
11	100	66
11	101	97
11	102	90
11	103	61
11	104	87
11	105	63
11	106	18
11	107	34
11	108	76
11	109	74
11	110	72
11	111	100
11	112	44
11	113	71
11	114	98
11	115	66
11	116	83
11	117	95
11	118	4
11	119	18
11	120	52
12	1	39
12	2	39
12	3	91
12	4	48
12	5	68
12	6	2
12	7	70
12	8	80
12	9	40
12	10	67
12	11	60
12	12	93
12	13	39
12	14	2
12	15	19
12	16	61
12	17	26
12	18	80
12	19	59
12	20	6
12	21	24
12	22	22
12	23	46
12	24	51
12	25	29
12	26	65
12	27	55
12	28	36
12	29	15
12	30	12
12	31	93
12	32	81
12	33	27
12	34	74
12	35	31
12	36	66
12	37	19
12	38	13
12	39	99
12	40	6
12	41	52
12	42	26
12	43	50
12	44	13
12	45	98
12	46	3
12	47	78
12	48	5
12	49	72
12	50	57
12	51	32
12	52	51
12	53	42
12	54	87
12	55	22
12	56	82
12	57	41
12	58	80
12	59	100
12	60	4
12	61	18
12	62	91
12	63	49
12	64	21
12	65	69
12	66	99
12	67	4
12	68	32
12	69	36
12	70	36
12	71	60
12	72	70
12	73	20
12	74	14
12	75	47
12	76	5
12	77	5
12	78	43
12	79	78
12	80	31
12	81	84
12	82	98
12	83	2
12	84	11
12	85	3
12	86	54
12	87	48
12	88	40
12	89	98
12	91	51
12	92	2
12	93	34
12	94	55
12	95	18
12	96	28
12	97	81
12	98	33
12	99	89
12	100	41
12	101	70
12	102	94
12	103	4
12	104	66
12	105	70
12	106	30
12	107	84
12	108	3
12	109	97
12	110	35
12	111	33
12	112	11
12	113	27
12	114	16
12	115	14
12	116	76
12	117	88
12	118	18
12	119	22
12	120	63
13	1	89
13	2	31
13	3	25
13	4	2
13	5	12
13	6	98
13	7	77
13	8	37
13	9	29
13	10	13
13	11	4
13	12	30
13	13	50
13	14	21
13	15	66
13	16	54
13	17	92
13	18	67
13	19	52
13	20	85
13	21	26
13	22	12
13	23	52
13	24	29
13	25	8
13	26	44
13	27	88
13	28	61
13	29	44
13	30	38
13	31	50
13	32	37
13	33	46
13	34	23
13	35	11
13	36	4
13	37	96
13	38	84
13	39	91
13	40	48
13	41	25
13	42	47
13	43	83
13	44	46
13	45	77
13	46	17
13	47	96
13	48	35
13	49	74
13	50	41
13	52	86
13	53	19
13	54	82
13	55	21
13	56	90
13	57	28
13	58	82
13	59	89
13	60	17
13	61	98
13	62	97
13	63	20
13	64	28
13	65	21
13	66	72
13	67	58
13	68	26
13	69	43
13	70	3
13	71	81
13	72	35
13	73	45
13	74	4
13	75	11
13	76	17
13	77	43
13	78	81
13	79	9
13	80	73
13	81	25
13	82	3
13	83	36
13	84	58
13	85	62
13	86	46
13	87	99
13	88	67
13	89	44
13	90	34
13	91	70
13	92	30
13	93	41
13	94	21
13	95	39
13	96	45
13	97	69
13	98	100
13	99	66
13	100	80
13	101	96
13	102	34
13	103	89
13	104	63
13	105	70
13	106	39
13	107	50
13	108	3
13	109	46
13	110	56
13	111	62
13	112	63
13	113	65
13	114	85
13	115	101
13	116	100
13	117	53
13	118	24
13	119	11
13	120	12
14	1	4
14	2	14
14	3	63
14	4	16
14	5	25
14	6	53
14	7	47
14	8	4
14	9	14
14	10	68
14	11	98
14	12	83
14	13	50
14	14	57
14	15	89
14	16	99
14	17	16
14	18	41
14	19	84
14	20	87
14	21	39
14	22	91
14	23	89
14	24	42
14	25	76
14	26	40
14	27	76
14	28	64
14	29	53
14	30	12
14	31	55
14	32	27
14	33	38
14	34	91
14	35	87
14	36	63
14	37	61
14	38	93
14	39	48
14	40	69
14	41	61
14	42	101
14	43	29
14	44	41
14	45	62
14	46	94
14	47	7
14	48	63
14	49	6
14	50	12
14	51	12
14	52	69
14	53	42
14	54	75
14	55	60
14	56	43
14	57	9
14	58	94
14	59	21
14	60	27
14	61	90
14	62	97
14	63	44
14	64	37
14	65	6
14	66	11
14	67	13
14	68	29
14	69	69
14	70	68
14	71	88
14	72	34
14	73	58
14	74	53
14	75	79
14	76	77
14	77	40
14	78	72
14	79	94
14	80	11
14	81	71
14	82	86
14	83	42
14	84	72
14	85	70
14	86	44
14	87	83
14	88	37
14	89	54
14	90	64
14	91	42
14	92	22
14	93	36
14	94	14
14	95	14
14	96	9
14	97	81
14	98	88
14	99	45
14	100	85
14	101	24
14	102	59
14	103	85
14	104	14
14	105	39
14	106	13
14	107	12
14	108	80
14	109	20
14	110	86
14	111	40
14	112	61
14	113	86
14	114	13
14	115	31
14	116	96
14	117	7
14	118	53
14	119	49
14	120	23
15	1	75
15	2	36
15	3	40
15	4	68
15	5	84
15	6	48
15	7	31
15	8	4
15	9	61
15	10	48
15	11	3
15	12	32
15	13	6
15	14	94
15	15	67
15	16	77
15	17	64
15	18	98
15	19	98
15	20	84
15	21	10
15	22	20
15	23	16
15	24	26
15	25	82
15	26	51
15	27	37
15	28	100
15	29	41
15	30	50
15	31	1
15	32	83
15	33	22
15	34	43
15	35	21
15	36	71
15	37	49
15	38	4
15	39	80
15	40	64
15	41	97
15	42	58
15	43	11
15	44	66
15	45	50
15	47	87
15	48	61
15	49	1
15	50	85
15	51	1
15	52	100
15	53	11
15	54	22
15	55	39
15	56	48
15	57	42
15	58	94
15	59	29
15	60	26
15	61	23
15	62	77
15	63	92
15	64	57
15	65	73
15	66	75
15	67	85
15	68	91
15	69	40
15	70	78
15	71	46
15	72	95
15	73	63
15	74	21
15	75	99
15	76	40
15	77	35
15	78	51
15	79	14
15	80	56
15	81	79
15	82	34
15	83	3
15	84	74
15	85	83
15	86	20
15	87	13
15	88	89
15	90	42
15	91	90
15	92	3
15	93	84
15	94	79
15	95	75
15	96	94
15	97	80
15	98	78
15	99	93
15	100	3
15	101	24
15	102	1
15	103	92
15	104	18
15	105	77
15	106	25
15	107	74
15	108	3
15	109	77
15	110	55
15	111	52
15	112	7
15	113	63
15	114	69
15	115	62
15	116	75
15	117	94
15	118	36
15	119	33
15	120	10
16	1	27
16	2	49
16	3	4
16	4	28
16	5	3
16	6	5
16	7	2
16	8	26
16	9	27
16	10	60
16	11	12
16	12	17
16	13	68
16	14	82
16	15	84
16	16	39
16	17	60
16	18	23
16	19	13
16	20	75
16	21	44
16	22	5
16	23	33
16	24	96
16	25	91
16	26	65
16	27	20
16	28	96
16	29	1
16	30	22
16	31	11
16	32	10
16	33	95
16	34	36
16	35	80
16	36	74
16	37	17
16	38	51
16	39	2
16	40	78
16	41	46
16	42	49
16	43	42
16	44	70
16	45	30
16	46	59
16	47	35
16	48	71
16	49	50
16	50	9
16	51	57
16	52	83
16	53	43
16	54	15
16	55	86
16	56	61
16	57	10
16	58	43
16	59	58
16	60	60
16	61	47
16	62	15
16	63	16
16	64	47
16	65	20
16	66	82
16	67	97
16	68	36
16	69	74
16	70	63
16	71	79
16	72	27
16	73	33
16	74	29
16	75	80
16	76	25
16	77	31
16	78	64
16	79	25
16	80	53
16	81	22
16	82	77
16	83	30
16	84	23
16	85	84
16	86	89
16	87	5
16	88	56
16	89	45
16	90	57
16	91	64
16	92	54
16	93	66
16	94	50
16	95	92
16	96	67
16	97	52
16	98	10
16	99	42
16	100	91
16	101	34
16	102	26
16	103	77
16	104	65
16	105	13
16	106	25
16	107	72
16	108	27
16	109	42
16	110	71
16	111	41
16	112	54
16	113	15
16	114	66
16	115	48
16	116	46
16	117	53
16	118	11
16	119	86
16	120	56
17	1	46
17	2	9
17	3	22
17	4	72
17	5	56
17	6	73
17	7	101
17	8	82
17	9	13
17	10	13
17	11	94
17	12	65
17	14	19
17	15	32
17	16	10
17	17	18
17	18	29
17	19	60
17	20	90
17	21	67
17	22	87
17	23	85
17	24	15
17	25	77
17	26	79
17	27	80
17	28	48
17	29	36
17	30	11
17	31	31
17	32	45
17	33	86
17	34	101
17	35	8
17	36	60
17	37	67
17	38	29
17	39	99
17	40	49
17	41	59
17	42	28
17	43	64
17	44	5
17	45	33
17	46	51
17	47	11
17	48	29
17	49	49
17	50	84
17	51	8
17	52	21
17	53	85
17	54	78
17	55	39
17	56	27
17	57	51
17	58	66
17	59	99
17	60	12
17	61	101
17	62	66
17	63	74
17	64	23
17	65	69
17	66	33
17	67	56
17	68	97
17	69	4
17	70	33
17	71	63
17	72	27
17	73	20
17	74	10
17	75	5
17	76	101
17	77	59
17	78	88
17	79	63
17	80	25
17	81	41
17	82	61
17	83	80
17	84	92
17	85	93
17	86	7
17	87	82
17	88	46
17	89	40
17	90	16
17	91	70
17	92	65
17	93	79
17	94	68
17	95	68
17	96	6
17	97	60
17	98	71
17	99	75
17	100	38
17	101	69
17	102	92
17	103	35
17	104	46
17	105	49
17	107	60
17	108	21
17	109	88
17	110	10
17	111	84
17	112	90
17	113	77
17	114	31
17	115	69
17	116	81
17	117	66
17	118	87
17	119	61
17	120	40
18	1	30
18	2	50
18	3	95
18	4	5
18	5	51
18	6	1
18	7	38
18	8	49
18	9	94
18	10	85
18	11	5
18	12	33
18	13	80
18	14	32
18	15	35
18	16	32
18	17	43
18	18	26
18	19	61
18	20	82
18	21	2
18	22	40
18	23	66
18	24	100
18	25	75
18	26	31
18	27	5
18	28	85
18	29	65
18	30	45
18	31	29
18	32	17
18	33	28
18	34	52
18	35	40
18	36	48
18	37	82
18	38	71
18	39	3
18	40	56
18	41	63
18	42	12
18	43	31
18	44	27
18	45	78
18	46	13
18	47	51
18	48	100
18	49	58
18	50	23
18	51	60
18	52	80
18	53	38
18	54	91
18	55	13
18	56	29
18	57	29
18	58	54
18	59	2
18	60	28
18	61	88
18	62	35
18	63	70
18	64	60
18	65	32
18	66	96
18	67	7
18	68	98
18	69	85
18	70	45
18	71	69
18	72	98
18	73	17
18	74	84
18	75	54
18	76	51
18	77	8
18	78	82
18	79	29
18	80	30
18	81	52
18	82	60
18	83	75
18	84	51
18	85	88
18	86	6
18	87	14
18	88	76
18	89	31
18	90	27
18	91	86
18	92	78
18	94	81
18	95	39
18	96	90
18	97	19
18	98	47
18	99	40
18	100	16
18	101	90
18	102	100
18	103	92
18	104	13
18	105	65
18	106	73
18	107	77
18	108	6
18	109	88
18	110	48
18	111	6
18	112	92
18	113	3
18	114	78
18	115	22
18	116	72
18	117	78
18	118	38
18	119	49
18	120	39
19	1	77
19	2	1
19	3	90
19	4	44
19	5	40
19	6	31
19	7	85
19	8	55
19	9	90
19	10	98
19	11	44
19	12	17
19	13	60
19	14	1
19	15	51
19	16	82
19	17	52
19	18	78
19	19	29
19	20	5
19	21	15
19	22	101
19	23	35
19	24	9
19	26	28
19	27	25
19	28	76
19	29	96
19	30	48
19	31	77
19	32	11
19	33	58
19	34	16
19	35	45
19	36	65
19	37	77
19	38	41
19	39	51
19	40	8
19	41	16
19	42	92
19	43	55
19	44	84
19	45	43
19	46	40
19	47	30
19	48	16
19	49	8
19	50	89
19	51	39
19	52	30
19	53	37
19	54	50
19	55	52
19	56	88
19	57	56
19	58	87
19	59	89
19	60	62
19	61	12
19	62	86
19	63	67
19	64	31
19	65	42
19	66	63
19	67	85
19	68	25
19	69	19
19	70	92
19	71	14
19	72	76
19	73	56
19	74	60
19	75	12
19	76	94
19	77	54
19	78	85
19	79	46
19	80	18
19	81	17
19	82	13
19	83	76
19	84	6
19	85	77
19	86	37
19	87	40
19	88	30
19	89	12
19	90	71
19	91	67
19	92	54
19	93	27
19	94	86
19	95	28
19	96	9
19	97	18
19	98	76
19	99	32
19	100	86
19	101	12
19	102	30
19	103	52
19	104	46
19	105	26
19	106	74
19	107	58
19	108	40
19	109	29
19	110	87
19	111	59
19	112	42
19	113	3
19	114	58
19	115	83
19	116	31
19	117	16
19	118	29
19	119	55
19	120	89
20	1	21
20	2	45
20	3	1
20	4	92
20	5	88
20	6	43
20	7	57
20	8	17
20	9	11
20	10	86
20	11	15
20	12	73
20	13	47
20	14	81
20	15	65
20	16	80
20	17	69
20	18	7
20	19	11
20	20	80
20	21	20
20	22	68
20	23	43
20	24	54
20	25	2
20	26	18
20	27	69
20	28	42
20	29	77
20	30	67
20	31	72
20	32	10
20	33	74
20	34	94
20	35	24
20	36	47
20	37	76
20	38	84
20	39	35
20	40	67
20	41	37
20	42	23
20	43	99
20	44	74
20	45	11
20	46	54
20	47	40
20	48	24
20	49	98
20	50	34
20	51	100
20	52	42
20	53	85
20	54	5
20	55	22
20	56	45
20	57	68
20	58	14
20	59	101
20	60	38
20	61	94
20	62	76
20	63	5
20	64	2
20	65	98
20	66	12
20	67	30
20	68	28
20	69	83
20	70	42
20	71	68
20	72	62
20	73	30
20	74	73
20	75	6
20	76	4
20	77	61
20	78	101
20	79	28
20	80	66
20	81	78
20	82	22
20	83	88
20	84	12
20	85	10
20	86	51
20	87	70
20	88	66
20	89	84
20	90	92
20	91	48
20	92	46
20	93	61
20	94	80
20	95	61
20	96	100
20	97	87
20	98	25
20	99	49
20	100	74
20	101	74
20	102	30
20	103	83
20	104	53
20	105	37
20	106	9
20	107	25
20	108	30
20	109	13
20	110	79
20	111	31
20	112	93
20	113	23
20	114	72
20	115	35
20	116	72
20	117	42
20	118	58
20	119	58
20	120	17
21	1	14
21	2	53
21	3	86
21	4	49
21	5	78
21	6	24
21	7	20
21	8	79
21	9	55
21	11	67
21	12	13
21	13	91
21	14	81
21	15	56
21	16	75
21	17	33
21	18	82
21	19	49
21	20	21
21	21	37
21	22	53
21	23	59
21	24	100
21	25	1
21	26	68
21	27	84
21	28	5
21	29	56
21	30	6
21	31	67
21	32	45
21	33	15
21	34	31
21	35	34
21	36	49
21	37	90
21	38	64
21	39	63
21	40	43
21	41	85
21	42	91
21	43	58
21	44	36
21	45	25
21	47	78
21	48	69
21	49	22
21	50	1
21	51	44
21	52	73
21	53	19
21	54	63
21	55	15
21	56	89
21	57	4
21	58	25
21	59	58
21	60	30
21	61	88
21	62	2
21	63	73
21	64	68
21	65	19
21	66	76
21	67	96
21	68	55
21	69	14
21	70	98
21	71	69
21	72	67
21	73	88
21	74	78
21	75	39
21	76	64
21	77	19
21	78	62
21	79	38
21	80	20
21	81	14
21	82	55
21	83	85
21	84	69
21	85	90
21	87	81
21	88	89
21	89	29
21	90	43
21	91	54
21	92	68
21	93	86
21	94	25
21	95	88
21	96	7
21	97	1
21	98	91
21	99	80
21	100	55
21	101	76
21	102	44
21	103	24
21	104	51
21	105	12
21	106	23
21	107	91
21	108	6
21	109	47
21	110	72
21	111	77
21	112	64
21	113	80
21	114	55
21	115	15
21	116	23
21	117	33
21	118	22
21	119	18
21	120	30
22	1	47
22	2	76
22	3	25
22	4	90
22	5	74
22	6	58
22	7	86
22	8	56
22	9	9
22	10	53
22	11	24
22	12	61
22	13	5
22	14	40
22	15	38
22	16	36
22	17	76
22	18	69
22	19	36
22	20	71
22	21	52
22	22	23
22	23	34
22	24	19
22	25	83
22	26	54
22	27	89
22	28	1
22	29	51
22	30	80
22	31	97
22	32	53
22	33	69
22	34	84
22	35	100
22	36	58
22	37	68
22	38	62
22	39	36
22	40	67
22	41	93
22	42	63
22	43	88
22	44	60
22	45	68
22	46	7
22	47	83
22	48	87
22	49	10
22	50	45
22	51	53
22	52	32
22	53	29
22	54	84
22	55	58
22	56	82
22	57	74
22	58	51
22	59	47
22	60	48
22	61	79
22	62	37
22	63	51
22	64	82
22	65	64
22	66	66
22	67	12
22	68	46
22	69	93
22	70	40
22	71	72
22	72	18
22	73	26
22	74	56
22	75	17
22	76	23
22	77	45
22	78	39
22	79	90
22	80	88
22	81	32
22	82	44
22	83	69
22	84	33
22	85	16
22	86	15
22	87	56
22	88	28
22	89	79
22	90	37
22	91	90
22	92	63
22	93	93
22	94	38
22	95	41
22	96	50
22	97	68
22	98	5
22	99	80
22	100	2
22	101	62
22	102	40
22	103	19
22	104	56
22	105	60
22	106	27
22	107	71
22	108	46
22	109	86
22	110	58
22	111	70
22	112	64
22	113	39
22	114	8
22	115	9
22	116	64
22	117	75
22	118	73
22	119	9
22	120	82
23	1	73
23	2	87
23	3	81
23	4	7
23	5	22
23	6	50
23	7	25
23	8	97
23	9	39
23	10	55
23	11	53
23	12	43
23	13	51
23	14	22
23	15	50
23	16	100
23	17	62
23	18	78
23	19	84
23	20	55
23	21	76
23	22	57
23	23	29
23	24	41
23	25	3
23	26	78
23	27	42
23	28	27
23	29	73
23	30	18
23	31	85
23	32	49
23	33	8
23	34	26
23	35	78
23	36	77
23	37	72
23	38	38
23	39	18
23	40	83
23	41	23
23	42	83
23	43	13
23	44	72
23	45	38
23	46	72
23	47	30
23	48	64
23	49	86
23	50	44
23	51	69
23	52	15
23	53	27
23	54	85
23	55	17
23	56	54
23	57	63
23	58	47
23	59	40
23	60	71
23	61	33
23	62	66
23	63	39
23	64	86
23	65	9
23	66	4
23	67	60
23	68	48
23	69	62
23	70	75
23	71	55
23	72	8
23	73	23
23	74	15
23	75	55
23	76	34
23	77	38
23	78	49
23	79	43
23	80	23
23	81	88
23	82	70
23	83	76
23	84	34
23	85	19
23	86	1
23	87	98
23	88	25
23	89	58
23	90	66
23	91	66
23	92	9
23	93	72
23	94	59
23	95	92
23	96	61
23	97	65
23	98	86
23	99	27
23	100	101
23	101	86
23	102	74
23	103	90
23	104	64
23	105	97
23	106	19
23	107	87
23	108	35
23	109	55
23	110	97
23	111	65
23	112	93
23	113	17
23	114	48
23	115	35
23	116	64
23	117	96
23	118	83
23	119	38
23	120	68
24	1	58
24	2	90
24	3	6
24	4	98
24	5	80
24	6	70
24	7	16
24	8	76
24	9	89
24	10	33
24	11	78
24	12	78
24	13	86
24	14	5
24	15	18
24	16	35
24	17	7
24	18	54
24	19	93
24	20	41
24	21	7
24	22	98
24	23	5
24	24	75
24	25	82
24	26	7
24	27	76
24	29	92
24	30	68
24	31	60
24	32	25
24	33	41
24	34	63
24	35	33
24	36	39
24	37	81
24	38	74
24	39	43
24	40	48
24	41	43
24	42	11
24	43	35
24	44	76
24	45	57
24	46	20
24	47	70
24	48	8
24	49	53
24	50	1
24	51	59
24	52	86
24	53	99
24	54	83
24	55	38
24	56	39
24	57	58
24	58	93
24	59	47
24	60	4
24	61	55
24	62	40
24	63	96
24	64	2
24	65	49
24	66	85
24	67	14
24	68	17
24	69	99
24	70	46
24	71	51
24	72	49
24	73	44
24	74	31
24	75	33
24	76	59
24	77	10
24	78	44
24	79	42
24	80	84
24	81	88
24	82	21
24	83	99
24	84	85
24	85	18
24	86	66
24	87	88
24	88	74
24	89	63
24	90	60
24	91	82
24	92	11
24	93	26
24	94	94
24	95	51
24	96	97
24	97	9
24	98	20
24	99	91
24	100	31
24	101	77
24	102	66
24	103	83
24	104	72
24	105	74
24	106	71
24	107	26
24	108	87
24	109	77
24	110	91
24	111	49
24	112	27
24	113	78
24	114	14
24	115	10
24	116	6
24	117	100
24	118	81
24	119	43
24	120	13
25	1	22
25	2	29
25	3	8
25	4	11
25	5	60
25	6	94
25	7	67
25	8	37
25	9	29
25	10	4
25	11	10
25	12	75
25	13	1
25	14	3
25	15	43
25	16	30
25	17	30
25	18	14
25	19	40
25	20	92
25	21	38
25	22	10
25	23	31
25	24	8
25	25	18
25	26	11
25	27	50
25	28	11
25	29	42
25	30	25
25	31	35
25	32	80
25	33	15
25	34	43
25	35	3
25	36	21
25	37	17
25	38	75
25	39	70
25	40	17
25	41	17
25	42	32
25	43	18
25	44	39
25	45	47
25	46	21
25	47	39
25	48	25
25	49	94
25	50	32
25	51	76
25	52	81
25	53	72
25	54	48
25	55	73
25	56	50
25	57	57
25	58	42
25	59	23
25	60	69
25	61	31
25	62	38
25	63	62
25	64	98
25	65	55
25	66	25
25	67	3
25	68	78
25	69	75
25	70	46
25	71	7
25	72	77
25	73	93
25	74	36
25	75	33
25	76	36
25	77	74
25	78	50
25	79	6
25	80	53
25	81	71
25	82	18
25	83	35
25	84	15
25	85	54
25	86	40
25	87	82
25	88	59
25	89	1
25	90	85
25	91	69
25	92	53
25	93	63
25	94	36
25	95	30
25	96	67
25	97	36
25	98	48
25	99	42
25	100	57
25	101	59
25	102	45
25	103	41
25	104	5
25	105	80
25	106	35
25	107	23
25	108	69
25	109	39
25	110	83
25	111	62
25	112	2
25	113	37
25	114	30
25	115	55
25	116	50
25	117	55
25	118	101
25	119	9
25	120	18
26	1	96
26	2	87
26	3	23
26	4	4
26	5	10
26	6	7
26	7	83
26	8	3
26	9	81
26	10	73
26	11	23
26	12	22
26	13	42
26	14	4
26	15	24
26	16	41
26	17	75
26	18	13
26	19	27
26	20	99
26	21	75
26	22	60
26	23	33
26	24	52
26	25	8
26	26	27
26	27	65
26	28	71
26	29	5
26	30	7
26	31	18
26	32	27
26	33	94
26	34	4
26	35	63
26	36	50
26	37	74
26	38	48
26	39	79
26	40	64
26	41	35
26	42	22
26	43	52
26	44	24
26	45	50
26	46	75
26	47	5
26	48	72
26	49	11
26	50	67
26	51	53
26	53	74
26	54	47
26	55	79
26	56	55
26	57	33
26	58	7
26	59	80
26	60	54
26	61	23
26	62	61
26	63	11
26	64	50
26	65	19
26	66	80
26	67	76
26	68	6
26	69	70
26	70	38
26	71	56
26	72	45
