31	73	56
31	74	2
31	75	15
31	76	18
31	77	60
31	78	16
31	79	16
31	80	75
31	81	1
31	82	54
31	83	52
31	84	47
31	85	8
31	86	66
31	87	6
31	88	17
31	89	8
31	90	6
31	91	34
31	92	81
31	93	54
31	94	53
31	95	83
31	96	42
31	97	84
31	98	64
31	99	22
31	100	68
32	1	5
32	2	97
32	3	5
32	4	3
32	5	100
32	6	67
32	7	62
32	8	57
32	9	25
32	10	74
32	11	26
32	12	47
32	13	57
32	14	53
32	16	32
32	17	61
32	18	16
32	19	30
32	20	35
32	21	74
32	22	18
32	23	45
32	24	37
32	25	17
32	26	65
32	27	73
32	28	90
32	29	99
32	30	28
32	31	97
32	32	25
32	33	23
32	34	61
32	35	91
32	36	51
32	37	100
32	38	96
32	39	7
32	40	78
32	41	68
32	42	90
32	43	32
32	44	24
32	45	87
32	46	85
32	47	89
32	48	82
32	49	23
32	50	97
32	51	90
32	52	30
32	53	39
32	54	75
32	55	83
32	56	100
32	57	89
32	58	44
32	59	89
32	60	92
32	61	97
32	62	99
32	63	61
32	64	91
32	65	1
32	66	30
32	67	22
32	68	74
32	69	25
32	70	83
32	71	35
32	72	19
32	73	41
32	74	24
32	75	31
32	76	94
32	77	99
32	78	31
32	79	63
32	80	27
32	81	71
32	82	26
32	83	37
32	84	33
32	87	32
32	88	92
32	89	74
32	90	31
32	91	36
32	92	50
32	93	11
32	94	12
32	95	85
32	96	61
32	97	47
32	98	92
32	99	82
32	100	12
33	1	24
33	2	68
33	3	37
33	4	28
33	5	67
33	6	24
33	7	6
33	8	51
33	9	69
33	10	60
33	11	92
33	12	80
33	14	25
33	15	98
33	16	87
33	17	91
33	18	71
33	19	21
33	20	60
33	21	35
33	22	61
33	23	19
33	24	86
33	25	34
33	26	35
33	27	67
33	28	88
33	29	54
33	30	91
33	31	30
33	32	2
33	33	69
33	34	48
33	35	35
33	36	6
33	37	55
33	38	25
33	39	93
33	40	59
33	41	33
33	42	36
33	43	70
33	44	90
33	45	51
33	46	2
33	47	50
33	48	2
33	49	94
33	50	74
33	51	79
33	52	8
33	53	72
33	54	65
33	55	98
33	56	70
33	57	29
33	58	34
33	59	62
33	60	53
33	61	12
33	62	28
33	63	77
33	64	99
33	65	80
33	66	100
33	67	42
33	68	40
33	69	18
33	70	78
33	71	2
33	72	70
33	73	93
33	74	101
33	75	6
33	76	87
33	77	86
33	78	86
33	79	47
33	80	84
33	81	86
33	82	71
33	83	81
33	84	13
33	85	80
33	86	62
33	87	73
33	88	92
33	89	35
33	90	77
33	91	65
33	92	60
33	93	30
33	94	56
33	95	72
33	96	72
33	97	95
33	98	79
33	99	94
33	100	58
34	1	15
34	2	44
34	3	97
34	4	98
34	5	63
34	6	88
34	7	24
34	8	100
34	9	1
34	10	51
34	11	5
34	12	75
34	13	79
34	14	61
34	15	52
34	16	32
34	17	60
34	18	95
34	19	35
34	20	96
34	21	52
34	22	22
34	23	61
34	24	5
34	25	39
34	26	78
34	27	2
34	28	19
34	29	60
34	30	60
34	31	80
34	32	73
34	33	31
34	34	83
34	35	42
34	36	71
34	37	36
34	38	48
34	39	43
34	40	25
34	41	25
34	42	31
34	43	88
34	44	57
34	45	72
34	46	73
34	47	98
34	48	42
34	49	84
34	50	86
34	51	98
34	52	61
34	53	1
34	54	71
34	55	62
34	56	18
34	57	91
34	58	22
34	59	95
34	60	93
34	61	12
34	62	92
34	63	31
34	64	72
34	65	98
34	66	2
34	67	2
34	68	6
34	69	58
34	70	30
34	71	63
34	72	38
34	73	77
34	74	58
34	75	56
34	76	85
34	77	25
34	78	90
34	79	85
34	80	84
34	81	54
34	82	59
34	83	39
34	84	13
34	85	10
34	86	35
34	87	17
34	88	85
34	89	44
34	90	89
34	91	7
34	92	4
34	93	28
34	94	41
34	95	42
34	96	56
34	97	84
34	98	8
34	99	40
34	100	86
35	1	52
35	2	22
35	3	97
35	4	97
35	5	80
35	6	55
35	7	42
35	8	69
35	9	65
35	10	9
35	11	31
35	12	26
35	13	91
35	14	30
35	15	21
35	16	75
35	17	68
35	18	47
35	19	82
35	20	11
35	21	89
35	22	59
35	23	85
35	24	28
35	25	72
35	26	52
35	27	66
35	28	81
35	29	74
35	30	42
35	31	91
35	32	42
35	33	12
35	34	49
35	35	52
35	36	21
35	37	56
35	38	33
35	39	69
35	40	15
35	41	66
35	42	96
35	43	81
35	44	25
35	45	25
35	46	43
35	47	13
35	48	85
35	49	78
35	50	66
35	51	3
35	52	73
35	53	55
35	54	95
35	55	61
35	56	58
35	57	99
35	58	3
35	59	44
35	60	8
35	61	10
35	62	35
35	63	46
35	64	27
35	65	37
35	66	98
35	67	2
35	68	100
35	69	8
35	70	47
35	71	86
35	72	88
35	73	96
35	74	21
35	75	48
35	76	93
35	77	55
35	78	14
35	79	41
35	80	68
35	81	3
35	82	79
35	83	81
35	84	10
35	85	15
35	86	38
35	87	94
35	88	48
35	89	50
35	90	21
35	91	73
35	92	79
35	93	58
35	94	80
35	95	2
35	96	100
35	97	60
35	98	76
35	99	68
35	100	9
36	1	61
36	2	32
36	3	72
36	4	19
36	5	88
36	6	72
36	7	37
36	8	16
36	9	81
36	10	87
36	11	37
36	12	19
36	13	41
36	14	53
36	15	88
36	16	74
36	17	61
36	18	81
36	19	43
36	20	99
36	21	36
36	22	26
36	23	80
36	24	44
36	25	69
36	26	10
36	27	88
36	28	101
36	29	39
36	30	54
36	31	59
36	32	65
36	33	4
36	34	97
36	35	33
36	36	60
36	37	37
36	38	40
36	39	38
36	40	18
36	41	62
36	42	64
36	43	67
36	44	24
36	45	79
36	46	100
36	47	63
36	48	68
36	49	46
36	50	62
36	51	21
36	52	80
36	53	18
36	54	48
36	55	94
36	56	61
36	57	56
36	58	32
36	59	36
36	61	62
36	62	50
36	63	86
36	64	3
36	65	73
36	66	94
36	67	35
36	68	54
36	69	36
36	70	84
36	71	8
36	72	71
36	73	35
36	74	98
36	75	16
36	76	24
36	77	13
36	78	46
36	79	95
36	80	71
36	81	75
36	82	13
36	83	87
36	84	47
36	85	4
36	86	22
36	87	57
36	89	9
36	90	80
36	91	5
36	92	5
36	93	18
36	94	7
36	95	99
36	96	92
36	97	2
36	98	49
36	99	90
36	100	63
37	1	44
37	2	30
37	3	32
37	4	83
37	5	91
37	6	66
37	7	33
37	8	89
37	9	2
37	10	65
37	11	47
37	12	69
37	13	63
37	14	38
37	15	20
37	16	27
37	17	74
37	18	53
37	19	23
37	20	85
37	21	41
37	22	47
37	23	8
37	24	19
37	25	52
37	26	54
37	27	62
37	28	95
37	29	19
37	30	11
37	31	4
37	32	87
37	33	27
37	34	39
37	35	30
37	36	74
37	37	26
37	38	53
37	39	82
37	40	7
37	41	46
37	42	48
37	43	2
37	44	36
37	45	46
37	46	39
37	47	56
37	48	90
37	49	62
37	50	54
37	51	58
37	52	28
37	53	43
37	54	44
37	55	78
37	56	67
37	57	20
37	58	73
37	59	79
37	60	1
37	61	86
37	62	75
37	63	32
37	64	20
37	65	33
37	66	24
37	67	91
37	68	28
37	69	34
37	70	47
37	71	65
37	72	45
37	73	25
37	74	47
37	75	23
37	76	77
37	77	42
37	78	45
37	79	99
37	80	13
37	81	12
37	82	28
37	83	69
37	84	20
37	85	100
37	86	43
37	87	6
37	88	98
37	89	67
37	90	86
37	91	37
37	92	89
37	93	61
37	94	101
37	95	91
37	96	46
37	97	50
37	98	93
37	99	12
37	100	3
38	1	30
38	2	44
38	3	49
38	4	68
38	5	64
38	6	74
38	7	16
38	8	89
38	9	99
38	10	3
38	11	2
38	12	77
38	13	43
38	14	100
38	15	15
38	16	64
38	17	67
38	18	73
38	19	67
38	21	83
38	22	86
38	23	68
38	24	49
38	25	11
38	26	6
38	27	9
38	28	42
38	29	33
38	30	32
38	31	88
38	32	18
38	33	65
38	34	95
38	35	22
38	36	37
38	37	12
38	38	53
38	39	16
38	40	63
38	41	28
38	42	29
38	43	45
38	44	38
38	45	20
38	46	44
38	47	42
38	48	73
38	49	76
38	50	93
38	51	38
38	52	100
38	53	46
38	54	1
38	55	85
38	56	101
38	57	9
38	58	18
38	59	54
38	60	96
38	61	57
38	62	53
38	63	95
38	64	2
38	65	50
38	66	76
38	67	19
38	68	3
38	69	90
38	70	59
38	71	43
38	72	100
38	73	72
38	74	87
38	75	56
38	76	16
38	77	86
38	78	84
38	79	8
38	80	74
38	81	92
38	82	40
38	83	57
38	84	100
38	85	39
38	86	2
38	87	56
38	88	47
38	89	37
38	90	17
38	91	60
38	92	60
38	93	30
38	94	30
38	95	88
38	96	31
38	97	4
38	98	57
38	99	39
38	100	33
39	1	81
39	2	94
39	3	86
39	4	25
39	5	8
39	6	33
39	7	38
39	8	88
39	9	6
39	10	45
39	11	29
39	12	88
39	13	63
39	14	13
39	15	90
39	16	85
39	17	78
39	18	81
39	19	73
39	20	34
39	21	75
39	22	60
39	23	33
39	24	79
39	25	64
39	26	60
39	27	7
39	28	60
39	29	52
39	30	22
39	31	7
39	32	27
39	33	81
39	34	58
39	35	9
39	36	43
39	37	74
39	38	9
39	39	13
39	40	40
39	41	93
39	42	90
39	43	73
39	44	73
39	45	76
39	46	75
39	47	10
39	48	19
39	49	46
39	50	50
39	51	15
39	52	62
39	53	99
39	54	34
39	55	8
39	56	70
39	57	1
39	58	19
39	59	24
39	60	62
39	61	81
39	62	38
39	63	14
39	64	81
39	65	16
39	66	42
39	67	6
39	68	24
39	69	30
39	70	1
39	71	6
39	72	84
39	73	87
39	74	39
39	75	76
39	76	14
39	77	59
39	78	52
39	79	4
39	80	10
39	81	89
39	82	30
39	83	80
39	84	66
39	85	4
39	86	65
39	87	98
39	88	7
39	89	23
39	90	6
39	91	53
39	92	101
39	93	8
39	94	82
39	95	29
39	96	39
39	97	35
39	98	90
39	99	86
39	100	58
40	1	63
40	2	1
40	3	36
40	4	77
40	5	12
40	6	44
40	7	72
40	8	77
40	9	14
40	10	9
40	11	81
40	12	43
40	13	53
40	14	27
40	15	23
40	16	54
40	17	46
40	18	69
40	19	54
40	20	12
40	21	101
40	22	73
40	23	53
40	24	46
40	25	21
40	26	68
40	27	70
40	28	4
40	29	70
40	30	47
40	31	31
40	32	39
40	33	67
40	34	19
40	35	56
40	36	91
40	37	22
40	38	49
40	39	40
40	40	82
40	41	89
40	42	1
40	43	66
40	44	39
40	45	90
40	46	65
40	47	95
40	48	47
40	49	56
40	50	101
40	51	7
40	52	44
40	53	68
40	54	77
40	55	74
40	56	69
40	57	18
40	58	75
40	59	70
40	60	75
40	61	14
40	62	27
40	63	76
40	64	68
40	65	99
40	66	26
40	67	2
40	68	3
40	69	64
40	70	38
40	71	4
40	72	70
40	73	68
40	74	69
40	75	101
40	76	13
40	77	99
40	78	23
40	79	82
40	80	83
40	81	63
40	82	32
40	83	95
40	84	87
40	85	75
40	86	16
40	87	1
40	88	35
40	89	62
40	90	35
40	91	46
40	92	9
40	93	45
40	94	94
40	95	65
40	96	94
40	97	23
40	98	30
40	99	85
40	100	47
41	1	55
41	2	28
41	3	76
41	4	98
41	5	74
41	6	5
41	7	32
41	8	11
41	9	30
41	10	69
41	11	27
41	12	13
41	13	92
41	14	26
41	15	10
41	16	72
41	17	36
41	18	79
41	19	80
41	20	99
41	21	20
41	22	33
41	23	8
41	24	9
41	25	59
41	26	61
41	27	7
41	28	63
41	29	41
41	30	56
41	31	99
41	32	20
41	33	76
41	34	54
41	35	82
41	36	39
41	37	73
41	38	53
41	39	38
41	40	20
41	41	36
41	42	58
41	43	68
41	44	33
41	45	49
41	46	10
41	47	21
41	48	42
41	49	66
41	50	92
41	51	91
41	52	83
41	53	91
41	54	30
41	55	29
41	56	41
41	57	45
41	58	27
41	59	41
41	60	71
41	61	74
41	62	61
41	63	94
41	64	63
41	65	4
41	66	97
41	67	89
41	68	60
41	69	64
41	70	48
41	71	21
41	72	6
41	73	48
41	74	101
41	75	67
41	76	78
41	77	25
41	78	60
41	79	9
41	80	100
41	81	89
41	82	75
41	83	8
41	84	50
41	85	72
41	86	95
41	87	28
41	88	75
41	89	55
41	90	64
41	91	15
41	92	70
41	93	50
41	94	28
41	95	98
41	96	13
41	97	34
41	98	36
41	99	37
41	100	18
42	1	79
42	2	91
42	3	15
42	4	49
42	5	91
42	6	23
42	7	71
42	8	44
42	9	39
42	10	11
42	11	41
42	12	55
42	13	95
42	14	22
42	15	19
42	16	6
42	17	74
42	18	87
42	19	28
42	20	36
42	21	76
42	22	13
42	23	7
42	24	83
42	25	34
42	26	85
42	27	45
42	28	46
42	29	4
42	30	86
42	31	71
42	32	29
42	33	47
42	34	101
42	35	44
42	36	91
42	37	7
42	38	44
42	39	51
42	40	90
42	41	84
42	42	12
42	43	3
42	44	39
42	45	47
42	46	99
42	47	70
42	48	44
42	49	4
42	50	72
42	51	87
42	52	2
42	53	67
42	54	6
42	55	33
42	56	91
42	57	98
42	58	34
42	59	88
42	60	26
42	61	6
42	62	43
42	63	11
42	64	25
42	65	71
42	66	23
42	67	72
42	68	15
42	69	22
42	70	62
42	71	98
42	72	63
42	73	29
42	74	7
42	75	23
42	76	46
42	77	26
42	78	83
42	79	67
42	80	89
42	81	65
42	82	93
42	83	10
42	84	95
42	85	48
42	86	20
42	87	8
42	88	45
42	89	96
42	90	82
42	91	90
42	92	50
42	93	69
42	94	50
42	95	97
42	96	88
42	97	32
42	98	87
42	99	81
42	100	58
43	1	30
43	2	39
43	3	14
43	4	10
43	5	21
43	6	2
43	7	98
43	8	54
43	9	5
43	10	28
43	11	100
43	12	66
43	13	77
43	14	79
43	15	60
43	16	72
43	17	12
43	18	32
43	19	71
43	20	25
43	21	46
43	22	61
43	23	53
43	24	29
43	25	26
43	26	83
43	27	48
43	28	62
43	29	48
43	30	47
43	31	77
43	32	85
43	33	13
43	34	53
43	35	43
43	36	26
43	37	67
43	38	84
43	39	10
43	40	75
43	41	97
43	42	71
43	43	87
43	44	22
43	45	35
43	46	21
43	47	16
43	48	51
43	49	75
43	50	48
43	51	25
43	52	92
43	53	88
43	54	17
43	55	77
43	56	16
43	57	66
43	58	90
43	59	73
43	60	91
43	61	27
43	62	60
43	63	23
43	64	38
43	65	100
43	66	37
43	67	52
43	68	12
43	69	100
43	70	83
43	71	19
43	72	29
43	73	90
43	74	9
43	75	6
43	76	70
43	77	84
43	78	83
43	79	27
43	80	56
43	81	84
43	82	24
43	83	42
43	84	8
43	85	46
43	86	21
43	87	6
43	88	89
43	90	75
43	91	70
43	92	28
43	93	20
43	94	88
43	95	31
43	96	76
43	97	26
43	98	18
43	99	74
43	100	8
44	1	62
44	2	11
44	3	75
44	4	12
44	5	70
44	6	18
44	7	48
44	8	31
44	9	30
44	10	101
44	11	74
44	12	61
44	13	37
44	14	96
44	15	5
44	16	38
44	17	60
44	18	7
44	19	68
44	20	34
44	21	60
44	22	71
44	23	67
44	24	25
44	25	53
44	26	30
44	27	63
44	28	55
44	29	85
44	30	28
44	31	22
44	32	91
44	33	18
44	34	4
44	35	91
44	36	96
44	37	85
44	38	81
44	39	75
44	40	74
44	41	49
44	42	37
44	43	1
44	44	19
44	45	45
44	46	52
44	47	72
44	48	5
44	49	76
44	50	19
44	51	86
44	52	95
44	53	76
44	54	12
44	55	96
44	56	29
44	57	32
44	58	60
44	59	67
44	60	95
44	61	56
44	62	64
44	63	86
44	64	34
44	65	76
44	66	32
44	67	57
44	68	4
44	69	60
44	70	92
44	71	81
44	72	19
44	73	82
44	74	29
44	75	75
44	76	78
44	77	78
44	78	100
44	79	40
44	80	97
44	81	18
44	82	38
44	83	69
44	84	9
44	85	80
44	86	64
44	87	26
44	88	14
44	89	62
44	90	59
44	91	3
44	92	82
44	93	48
44	94	36
44	95	70
44	96	21
44	97	40
44	98	34
44	99	8
44	100	94
45	1	28
45	2	32
45	3	28
45	4	51
45	5	59
45	6	18
45	7	101
45	8	54
45	9	54
45	10	25
45	11	40
45	12	36
45	13	95
45	14	54
45	15	92
45	16	85
45	17	41
45	18	10
45	19	45
45	20	44
45	21	26
45	22	8
45	23	11
45	24	42
45	25	24
45	26	4
45	27	72
45	28	36
45	29	83
45	30	99
45	31	85
45	32	55
45	33	38
45	34	46
45	35	20
45	36	6
45	37	78
45	38	32
45	39	34
45	40	78
45	41	63
45	42	47
45	43	77
45	44	2
45	45	4
45	46	85
45	47	59
45	48	55
45	49	85
45	50	14
45	51	73
45	52	4
45	53	1
45	54	2
45	55	42
45	56	12
45	57	63
45	58	41
45	59	95
45	60	45
45	61	45
45	62	81
45	63	31
45	64	25
45	65	63
45	66	29
45	67	77
45	68	80
45	69	20
45	70	75
45	71	50
45	72	14
45	73	59
45	74	82
45	75	42
45	76	67
45	77	13
45	78	62
45	79	67
45	80	59
45	81	81
45	82	21
45	83	68
45	84	32
45	85	77
45	86	23
45	87	98
45	88	76
45	89	52
45	90	6
45	91	37
45	92	52
45	93	36
45	94	73
45	95	73
45	96	49
45	97	32
45	98	21
45	99	50
45	100	85
46	1	14
46	2	70
46	3	68
46	4	9
46	5	37
46	6	23
46	7	52
46	8	72
46	9	99
46	10	37
46	11	45
46	12	81
46	13	50
46	15	80
46	16	70
46	17	100
46	18	19
46	19	101
46	20	65
46	21	63
46	22	38
46	23	37
46	24	92
46	25	33
46	26	80
46	27	15
46	28	76
46	29	82
46	30	63
46	31	100
46	32	55
46	33	100
46	34	27
46	35	57
46	36	100
46	37	33
46	38	58
46	39	96
46	40	50
46	41	49
46	42	37
46	43	11
46	44	32
46	45	91
46	46	36
46	47	36
46	48	60
46	49	13
46	50	96
46	51	75
46	52	88
46	53	23
46	54	10
46	55	78
46	56	26
46	57	97
46	58	66
46	59	41
46	60	100
46	61	62
46	62	87
46	63	18
46	64	89
46	65	4
46	66	23
46	67	6
46	68	71
46	69	89
46	70	87
46	71	89
46	72	28
46	73	59
46	74	34
46	75	38
46	76	55
46	77	20
46	78	76
46	79	49
46	80	21
46	81	61
46	82	63
46	83	92
46	84	1
46	85	11
46	86	56
46	87	36
46	88	47
46	89	6
46	90	83
46	91	87
46	92	18
46	93	7
46	94	85
46	95	14
46	96	40
46	97	53
46	98	87
46	99	7
46	100	85
47	1	7
47	2	61
47	3	70
47	4	87
47	5	57
47	6	85
47	7	91
47	8	8
47	9	22
47	10	58
47	11	85
47	12	58
47	13	9
47	14	70
47	15	8
47	16	46
47	17	96
47	18	94
47	19	31
47	20	45
47	21	43
47	22	7
47	23	66
47	24	45
47	25	77
47	26	76
47	27	75
47	28	34
47	29	23
47	30	34
47	31	22
47	32	39
47	33	47
47	34	55
47	35	70
47	36	85
47	37	14
47	38	94
47	39	57
47	40	83
47	41	18
47	42	14
47	43	43
47	44	7
47	45	48
47	46	94
47	47	14
47	48	89
47	49	63
47	50	91
47	51	2
47	52	99
47	53	77
47	54	48
47	55	41
47	56	75
47	57	96
47	58	69
47	59	4
47	60	23
47	61	49
47	62	78
47	63	83
47	64	26
47	65	76
47	66	101
47	67	36
47	68	6
47	69	96
47	70	55
47	71	18
47	72	45
47	73	93
47	74	79
47	75	51
47	76	83
47	77	43
47	78	66
47	79	65
47	80	46
47	81	71
47	82	64
47	83	61
47	84	13
47	85	78
47	86	14
47	87	50
47	88	2
47	89	48
47	90	96
47	91	9
47	92	5
47	93	39
47	94	28
47	95	90
47	96	93
47	97	11
47	98	43
47	99	18
47	100	13
48	1	11
48	2	58
48	3	53
48	4	71
48	5	10
48	6	3
48	7	26
48	8	66
48	9	9
48	10	93
48	11	27
48	12	64
48	13	21
48	14	3
48	15	61
48	16	44
48	17	56
48	18	90
48	19	18
48	20	31
48	21	100
48	22	80
48	23	48
48	24	41
48	25	95
48	26	72
48	27	12
48	28	4
48	29	55
48	30	70
48	31	56
48	32	98
48	33	67
48	34	47
48	35	26
48	36	19
48	37	15
48	38	56
48	39	96
48	40	50
48	41	28
48	42	80
48	43	63
48	44	40
48	45	89
48	46	72
48	47	81
48	48	29
48	49	51
48	50	19
48	51	57
48	53	23
48	54	4
48	55	36
48	57	50
48	58	74
48	59	6
48	60	62
48	61	33
48	62	10
48	63	8
48	64	64
48	65	59
48	66	87
48	67	93
48	68	53
48	69	34
48	70	61
48	71	42
48	72	24
48	73	63
48	74	50
48	75	52
48	76	87
48	77	90
48	78	16
48	79	11
48	80	29
48	81	65
48	82	60
48	83	76
48	84	39
48	85	68
48	86	63
48	87	65
48	88	6
48	89	60
48	90	45
48	91	80
48	92	75
48	93	73
48	94	90
48	95	85
48	96	13
48	97	68
48	98	16
48	99	88
48	100	7
49	1	94
49	2	99
49	3	93
49	4	40
49	5	34
49	6	12
49	7	46
49	8	57
49	9	97
49	10	60
49	11	42
49	12	23
49	13	31
49	14	42
49	15	35
49	16	74
49	17	32
49	18	98
49	19	1
49	20	47
49	21	87
49	22	50
49	23	55
49	24	45
49	25	15
49	26	27
49	27	37
49	28	93
49	29	55
49	30	63
49	31	23
49	32	60
49	33	24
49	34	5
49	35	49
49	36	46
49	37	9
49	38	48
49	39	70
49	40	3
49	41	6
49	42	69
49	43	63
49	44	42
49	45	17
49	46	65
49	47	39
49	48	19
49	49	15
49	50	74
49	51	25
49	52	43
49	53	47
49	54	73
49	55	101
49	56	15
49	57	46
49	58	68
49	59	66
49	60	52
49	61	28
49	62	3
49	63	94
49	64	8
49	65	14
49	66	100
49	67	30
49	68	66
49	69	75
49	70	24
49	71	38
49	72	69
49	73	33
49	74	9
49	75	75
49	76	3
49	77	63
49	78	22
49	79	24
49	80	97
49	81	84
49	82	1
49	83	1
49	84	34
49	85	45
49	86	69
49	87	95
49	88	84
49	89	5
49	90	52
49	91	37
49	92	19
49	93	40
49	94	32
49	95	53
49	96	18
49	97	14
49	98	74
49	99	55
49	100	52
50	1	75
50	2	36
50	3	70
50	4	56
50	5	46
50	6	101
50	7	63
50	8	90
50	9	78
50	10	42
50	11	74
50	12	96
50	13	41
50	14	16
50	15	101
50	16	22
50	17	88
50	18	49
50	19	7
50	20	100
50	21	84
50	22	30
50	23	12
50	24	59
50	25	89
50	26	18
50	27	75
50	28	97
50	29	85
50	30	93
50	31	63
50	32	64
50	33	73
50	34	22
50	35	71
50	36	96
50	37	92
50	38	67
50	39	77
50	40	101
50	41	94
50	42	65
50	43	39
50	44	61
50	45	28
50	46	31
50	47	51
50	48	39
50	49	59
50	50	17
50	51	55
50	52	32
50	53	49
50	54	36
50	55	36
50	56	59
50	57	82
50	58	77
50	59	84
50	60	87
50	61	52
50	62	86
50	63	73
50	64	77
50	65	85
50	66	96
50	67	23
50	68	49
50	69	44
50	70	57
50	71	96
50	72	99
50	73	85
50	74	67
50	75	85
50	76	86
50	77	9
50	78	69
50	79	74
50	80	79
50	81	18
50	82	13
50	83	93
50	84	13
50	85	77
50	86	10
50	87	28
50	88	95
50	89	78
50	90	32
50	91	31
50	92	71
50	93	89
50	94	88
50	95	74
50	96	54
50	97	70
50	98	77
50	99	85
50	100	70
51	1	12
51	2	25
51	3	62
51	4	43
51	5	77
51	6	53
51	7	73
51	8	98
51	9	65
51	10	71
51	11	99
51	12	37
51	13	68
51	14	75
51	15	90
51	16	30
51	17	98
51	18	32
51	19	2
51	20	75
51	21	79
51	22	30
51	23	8
51	25	24
51	26	4
51	27	43
51	28	83
51	29	99
51	30	79
51	31	25
51	32	78
51	33	85
51	34	85
51	36	34
51	37	94
51	38	62
51	39	75
51	40	10
51	41	3
51	42	81
51	43	40
51	44	87
51	45	96
51	46	44
51	47	69
51	48	87
51	49	46
51	50	14
51	51	83
51	52	12
51	53	86
51	54	36
51	55	38
51	56	90
51	57	6
51	58	33
51	59	11
51	60	41
51	61	79
51	62	28
51	63	63
51	64	99
51	65	19
51	66	8
51	67	11
51	68	32
51	69	36
51	70	16
51	71	20
51	72	17
51	73	60
51	74	53
51	75	36
51	76	62
51	77	80
51	78	57
51	79	7
51	80	12
51	81	8
51	82	67
51	83	72
51	84	23
51	85	63
51	86	15
51	88	83
51	89	83
51	90	69
51	91	59
51	92	10
51	93	64
51	94	65
51	95	58
51	96	25
51	97	10
51	98	24
51	99	68
51	100	52
52	1	18
52	2	47
52	3	6
52	4	63
52	5	32
52	6	5
52	7	88
52	8	49
52	9	84
52	10	43
52	11	17
52	12	24
52	13	71
52	14	17
52	15	33
52	16	50
52	17	27
52	18	35
52	19	4
52	20	16
52	21	28
52	22	54
52	23	22
52	24	66
52	25	92
52	26	4
52	27	87
52	28	86
52	29	17
52	30	9
52	31	54
52	32	81
52	33	64
52	34	87
52	35	94
52	36	22
52	37	39
52	38	31
52	39	73
52	40	69
52	41	33
52	42	37
52	43	72
52	44	98
52	45	82
52	46	33
52	47	26
52	48	6
52	49	23
52	50	45
52	51	100
52	52	99
52	54	31
52	55	6
52	56	93
52	57	4
52	58	31
52	59	86
52	60	20
52	61	54
52	62	18
52	63	81
52	64	87
52	65	68
52	66	73
52	67	60
52	68	43
52	69	97
52	70	100
52	71	27
52	72	72
52	73	91
52	74	53
52	75	37
52	76	14
52	77	82
52	78	39
52	79	44
52	80	84
52	81	92
52	82	8
52	83	36
52	84	80
52	85	82
52	86	18
52	87	35
52	88	12
52	89	1
52	90	78
52	91	17
52	92	66
52	93	38
52	94	101
52	96	64
52	97	3
52	98	80
52	99	95
52	100	41
53	1	30
53	2	49
53	3	45
53	4	58
53	5	51
53	6	71
53	7	86
53	8	92
53	9	63
53	10	96
53	11	53
53	12	11
53	13	97
53	14	7
53	15	54
53	16	31
53	17	69
53	18	18
53	19	9
53	20	24
53	21	55
53	22	34
53	23	23
53	24	21
53	25	80
53	26	92
53	27	60
53	28	35
53	29	83
53	30	43
53	31	68
53	32	27
53	33	26
53	34	87
53	35	81
53	36	13
53	37	7
53	38	80
53	39	21
53	40	43
53	41	55
53	42	13
53	43	47
53	44	1
53	45	72
53	46	22
53	47	57
53	48	32
53	49	17
53	50	83
53	51	99
53	52	74
53	53	54
53	54	1
53	55	91
53	57	91
53	58	27
53	59	79
53	60	3
53	61	25
53	62	86
53	63	43
53	64	93
53	65	48
53	66	42
53	67	100
53	68	43
53	69	41
53	70	60
53	71	77
53	72	14
53	73	63
53	74	18
53	75	32
53	76	54
53	77	100
53	78	23
53	79	50
53	80	99
53	81	83
53	82	75
53	83	69
53	84	53
53	85	32
53	86	28
53	87	51
53	88	77
53	89	19
53	90	39
53	91	54
53	92	95
53	93	29
53	94	94
53	95	88
53	96	39
53	97	92
53	98	30
53	99	17
53	100	50
54	1	21
54	2	88
54	3	95
54	4	54
54	5	45
54	6	30
54	7	99
54	8	62
54	9	86
54	10	94
54	11	46
54	13	29
54	14	18
54	15	58
54	16	39
54	17	7
54	18	26
54	19	66
54	20	64
54	22	99
54	23	55
54	24	19
54	25	100
54	26	11
54	27	74
54	28	89
54	29	34
54	30	37
54	31	12
54	32	39
54	33	47
54	34	51
54	35	27
54	36	93
54	37	13
54	38	54
54	39	36
54	40	6
54	41	67
54	42	50
54	43	9
54	44	78
54	45	91
54	46	34
54	47	63
54	48	101
54	49	15
54	50	65
54	51	38
54	52	50
54	53	44
54	54	81
54	55	82
54	56	9
54	57	70
54	58	40
54	59	11
54	60	17
54	61	26
54	62	51
54	63	97
54	64	54
54	65	80
54	66	28
54	67	31
54	68	83
54	69	20
54	70	20
54	71	14
54	72	70
54	73	49
54	74	19
54	75	64
54	76	90
54	77	61
54	78	38
54	79	14
54	80	94
54	81	60
54	82	14
54	83	80
54	84	56
54	85	92
54	86	68
54	87	41
54	88	13
54	89	17
54	90	58
54	91	85
54	92	84
54	93	99
54	94	63
54	95	12
54	96	91
54	97	21
54	98	27
54	99	6
54	100	18
55	1	56
55	2	9
55	3	28
55	4	89
55	5	7
55	6	90
55	7	94
55	8	30
55	9	14
55	10	88
55	11	10
55	12	20
55	13	45
55	14	52
55	15	2
55	16	61
55	17	77
55	18	61
55	19	15
55	20	34
55	21	34
55	22	82
55	23	9
55	24	61
55	25	83
55	26	10
55	27	36
55	28	90
55	29	67
55	30	76
55	31	90
55	32	43
55	33	30
55	34	83
55	36	27
55	37	27
55	38	34
55	39	50
55	40	100
55	41	96
55	42	55
55	43	81
55	44	73
55	45	32
55	46	72
55	47	39
55	48	19
55	49	36
55	50	78
55	51	15
55	52	37
55	53	25
55	54	100
55	55	39
55	56	74
55	57	29
55	58	89
55	59	49
55	60	63
55	61	66
55	62	37
55	63	64
55	64	31
55	65	62
55	66	99
55	67	8
55	68	63
55	69	60
55	70	70
55	71	26
55	72	26
55	73	29
55	74	98
55	75	100
55	76	4
55	77	22
55	78	43
55	79	101
55	80	84
55	81	50
55	82	7
55	83	38
55	84	1
55	85	73
55	87	14
55	88	17
55	89	10
55	90	88
55	91	2
55	92	78
55	93	56
55	94	39
55	95	10
55	96	15
55	98	52
55	99	58
55	100	61
56	1	10
56	2	36
56	3	76
56	4	94
56	5	80
56	6	62
56	7	65
56	8	52
56	9	68
56	10	5
56	11	94
56	12	35
56	13	57
56	14	56
56	15	43
56	16	75
56	17	44
56	18	100
56	19	101
56	20	91
56	21	32
56	22	10
56	23	58
56	24	20
56	25	90
56	26	2
56	27	30
56	28	64
56	29	49
56	30	72
56	31	92
56	32	31
56	33	89
56	34	8
56	35	5
56	36	37
56	37	5
56	38	17
56	39	39
56	40	67
56	41	63
56	42	74
56	43	22
56	44	5
56	45	10
56	46	4
56	47	80
56	48	69
56	49	68
56	50	69
56	51	71
56	52	21
56	53	69
56	54	87
56	55	34
56	56	38
56	57	74
56	58	39
56	59	100
56	60	41
56	61	79
56	62	48
56	63	38
56	64	6
56	65	16
56	66	80
56	67	82
56	68	58
56	69	1
56	70	12
56	71	55
56	72	34
56	73	57
56	74	55
56	75	78
56	76	22
56	77	28
56	78	87
56	79	35
56	80	70
56	81	31
56	82	62
56	83	12
56	84	84
56	85	82
56	86	33
56	87	40
56	88	62
56	89	58
56	90	79
56	91	1
56	92	28
56	93	97
56	94	8
56	95	22
56	96	37
56	97	38
56	98	41
56	99	2
56	100	53
57	1	28
57	2	59
57	3	79
57	4	66
57	5	72
57	6	59
57	7	87
57	8	6
57	9	60
57	10	74
57	11	91
57	12	96
57	13	71
57	14	50
57	15	98
57	16	37
57	17	70
57	18	56
57	19	39
57	20	40
57	21	40
57	22	29
57	23	69
57	24	80
57	25	56
57	26	98
57	27	12
57	28	35
57	29	65
57	30	44
57	31	95
57	32	16
57	33	31
57	34	84
57	35	91
57	36	70
57	37	17
57	38	57
57	39	62
57	40	9
57	41	43
57	42	66
57	43	36
57	44	37
57	45	40
57	46	64
57	47	6
57	48	30
57	49	36
57	50	44
57	51	6
57	52	68
57	53	79
57	54	89
57	55	98
57	56	37
57	57	97
57	58	97
57	59	46
57	60	32
57	61	68
57	62	63
57	63	65
57	64	79
57	65	101
57	66	73
57	67	56
57	68	11
57	69	46
57	70	90
57	71	63
57	72	6
57	73	101
57	74	68
57	75	39
57	76	55
57	77	86
57	78	20
57	79	21
57	80	48
57	81	87
57	82	31
57	83	44
57	84	94
57	85	62
57	86	65
57	87	47
57	88	56
57	89	51
57	90	41
57	91	64
57	92	74
57	93	41
57	94	86
57	95	46
57	96	79
57	97	69
57	98	48
57	99	32
57	100	15
58	1	64
58	2	30
58	3	68
58	4	43
58	5	14
58	6	7
58	7	77
58	8	49
58	9	84
58	10	51
58	11	16
58	12	10
58	13	17
58	14	23
58	15	97
58	16	35
58	17	71
58	18	27
58	19	64
58	20	72
58	21	6
58	22	5
58	23	77
58	24	4
58	25	4
58	26	11
58	27	79
58	28	12
58	29	19
58	30	31
58	31	64
58	32	73
58	33	36
58	34	33
58	35	37
58	36	56
58	37	47
58	38	76
58	39	87
58	40	73
58	41	93
58	42	87
58	43	26
58	44	65
58	45	13
58	46	45
58	47	3
58	48	22
58	49	66
58	50	82
58	51	91
58	52	14
58	53	24
58	54	10
58	55	67
58	56	52
58	57	59
58	58	43
58	59	38
58	60	88
58	61	23
58	62	70
58	63	37
58	64	66
58	65	22
58	66	63
58	67	33
58	68	19
58	69	13
58	70	15
58	71	11
58	72	100
58	73	78
58	74	42
58	75	16
58	76	5
58	77	29
58	78	1
58	79	76
58	80	26
58	81	93
58	82	57
58	83	94
58	84	68
58	85	70
58	86	14
58	87	35
58	88	8
58	89	65
58	90	85
58	91	22
58	92	10
58	93	65
58	94	74
58	95	60
58	96	51
58	97	81
58	98	23
58	99	54
58	100	10
59	1	77
59	2	78
59	3	33
59	4	7
59	5	43
59	6	55
59	7	38
59	8	29
59	9	42
59	10	91
59	11	97
59	12	39
59	13	36
59	14	3
59	15	87
59	16	22
59	17	27
59	18	12
59	19	70
59	20	75
59	21	52
59	22	84
59	23	40
59	24	100
59	25	80
59	26	75
59	27	60
59	28	86
59	29	15
59	30	67
59	31	98
59	32	38
59	33	68
59	34	40
59	35	43
59	36	52
59	37	85
59	38	92
59	39	46
59	40	99
59	41	62
59	42	26
59	43	21
59	44	54
59	45	44
59	46	4
59	47	96
59	48	67
59	49	58
59	50	62
59	51	56
59	52	25
59	53	97
59	54	19
59	55	14
59	56	73
59	57	9
59	58	75
59	59	17
59	60	83
59	61	52
59	62	62
59	63	29
59	64	30
59	65	7
59	66	95
59	67	11
59	68	83
59	69	27
59	70	4
59	71	92
59	72	31
59	73	99
59	74	68
59	75	14
59	76	76
59	77	17
59	78	73
59	79	28
59	80	68
59	81	67
59	82	41
59	83	35
59	84	17
59	85	33
59	86	45
59	87	13
59	88	16
59	89	48
59	90	95
59	91	68
59	92	52
59	93	71
59	94	21
59	95	60
59	96	84
59	97	36
59	98	101
59	99	85
59	100	89
60	1	77
60	2	35
60	3	20
60	4	78
60	5	31
60	6	16
60	7	36
60	8	101
60	9	41
60	10	60
60	11	66
60	12	92
60	13	14
60	14	51
60	15	56
60	16	58
60	17	72
60	18	92
60	19	90
60	20	24
60	21	3
60	22	11
60	23	41
60	24	70
60	25	23
60	26	74
60	27	99
60	28	2
60	29	96
60	30	8
60	31	92
60	32	67
60	33	100
60	34	100
60	35	16
60	36	66
60	37	32
60	38	38
60	39	25
60	40	70
60	41	18
60	42	50
60	43	60
60	44	76
60	45	24
60	46	85
60	47	7
60	48	2
60	49	29
60	50	98
60	51	6
60	52	87
60	53	85
60	54	60
60	55	47
60	56	7
60	57	12
60	58	68
60	59	86
60	60	74
60	61	95
60	62	17
60	63	56
60	64	48
60	65	77
60	66	75
60	67	83
60	68	87
60	69	79
60	70	85
60	71	37
60	72	32
60	73	70
60	74	27
60	75	98
60	76	57
60	77	53
60	78	34
60	79	36
60	80	8
60	81	47
60	82	67
60	83	7
60	84	12
60	85	66
60	86	96
60	87	65
60	88	38
60	89	92
60	90	10
60	91	38
60	92	26
60	93	79
60	94	35
60	95	75
60	96	82
60	97	67
60	98	24
60	99	27
60	100	49
61	1	79
61	2	68
61	3	45
61	4	31
61	5	63
61	6	80
61	7	52
61	8	67
61	9	6
61	10	94
61	11	101
61	12	74
61	13	50
61	14	18
61	15	57
61	16	59
61	17	26
61	18	86
61	19	75
61	20	71
61	21	68
61	22	85
61	23	34
61	24	10
61	25	27
61	26	93
61	27	87
61	28	23
61	29	101
61	30	37
61	31	24
61	32	38
61	33	44
61	34	47
61	35	56
61	36	69
61	37	60
61	38	17
61	39	77
61	40	19
61	41	36
61	42	26
61	44	54
61	45	25
61	46	83
61	47	53
61	48	17
61	49	15
61	50	8
61	51	52
61	52	31
61	53	51
61	54	75
61	55	54
61	56	4
61	57	36
61	58	15
61	59	18
61	60	29
61	61	84
61	62	78
61	63	90
61	64	17
61	65	77
61	66	101
61	67	62
61	68	84
61	69	22
61	70	49
61	71	14
61	73	71
61	74	31
61	75	58
61	76	9
61	78	74
61	79	31
61	80	29
61	81	77
61	82	71
61	83	40
61	84	64
61	85	36
61	86	26
61	87	10
61	89	85
61	90	73
61	91	86
61	92	90
61	93	100
61	94	13
61	95	11
61	97	80
61	98	31
61	99	19
61	100	54
62	1	7
62	2	96
62	3	81
62	4	64
62	5	43
62	6	5
62	7	25
62	8	74
62	9	21
62	10	75
62	11	98
62	12	69
62	13	42
62	14	32
62	15	33
62	16	23
62	17	34
62	18	85
62	19	77
62	20	54
62	21	94
62	22	82
62	23	89
62	25	8
62	26	18
62	27	46
62	28	36
62	29	53
62	30	70
62	31	77
62	32	14
62	33	92
62	34	35
62	35	85
62	36	23
62	37	5
62	38	85
62	39	37
62	40	51
62	41	85
62	42	26
62	43	91
62	44	47
