1	1	64
1	2	62
1	3	71
1	4	37
1	5	88
1	6	60
1	7	80
1	8	90
1	9	87
1	10	52
1	11	93
1	12	10
1	13	64
1	14	1
1	15	4
1	16	9
1	17	4
1	18	89
1	19	2
1	20	35
1	21	49
1	22	44
1	24	76
1	25	45
1	26	15
1	27	77
1	28	94
1	29	87
1	30	55
1	31	96
1	32	99
1	33	17
1	34	18
1	35	73
1	37	86
1	38	77
1	39	65
1	40	88
1	41	92
1	42	11
1	43	71
1	44	32
1	45	34
1	46	49
1	47	81
1	48	62
1	49	91
1	50	98
1	51	78
1	52	15
1	53	2
1	54	78
1	55	6
1	56	21
1	57	24
1	58	78
1	59	95
1	60	14
1	61	60
1	62	33
1	63	87
1	64	8
1	65	33
1	66	53
1	67	8
1	68	7
1	69	22
1	70	62
1	71	23
1	72	88
1	73	6
1	74	83
1	75	75
1	76	16
1	77	42
1	78	49
1	79	63
1	80	75
1	81	14
1	82	3
1	83	10
1	84	6
1	85	74
1	86	22
1	87	53
1	88	12
1	89	64
1	90	100
1	91	90
1	92	37
1	93	71
1	94	58
1	95	20
1	96	81
1	97	32
1	98	55
1	99	8
1	100	27
2	1	75
2	2	47
2	3	70
2	4	16
2	5	54
2	6	61
2	7	41
2	8	73
2	9	56
2	10	98
2	11	96
2	12	81
2	13	32
2	14	95
2	15	49
2	16	60
2	17	53
2	18	96
2	19	80
2	20	31
2	21	71
2	22	36
2	23	74
2	24	28
2	25	5
2	26	46
2	27	4
2	28	97
2	29	18
2	30	53
2	31	18
2	32	49
2	33	78
2	34	14
2	35	15
2	36	33
2	37	36
2	38	49
2	39	70
2	40	69
2	41	15
2	42	73
2	43	50
2	44	94
2	45	75
2	46	37
2	47	101
2	48	70
2	49	25
2	50	81
2	51	88
2	52	91
2	53	35
2	54	63
2	55	90
2	56	67
2	57	100
2	58	53
2	59	66
2	60	20
2	61	51
2	62	23
2	64	25
2	65	96
2	66	18
2	67	14
2	68	38
2	69	77
2	70	35
2	71	32
2	72	87
2	73	16
2	74	58
2	75	36
2	76	31
2	77	21
2	78	32
2	79	60
2	80	56
2	81	48
2	82	100
2	83	95
2	84	37
2	85	56
2	86	74
2	87	12
2	88	8
2	89	16
2	90	95
2	91	14
2	92	20
2	93	95
2	94	51
2	95	19
2	96	29
2	97	41
2	98	10
2	99	48
2	100	79
3	1	33
3	2	51
3	3	30
3	5	78
3	6	55
3	7	77
3	8	48
3	9	32
3	10	16
3	11	37
3	12	6
3	13	87
3	14	14
3	15	72
3	16	85
3	17	25
3	18	75
3	19	20
3	20	68
3	21	84
3	22	83
3	23	74
3	24	61
3	25	90
3	26	36
3	27	37
3	28	4
3	29	29
3	30	99
3	31	99
3	32	26
3	33	81
3	34	87
3	35	62
3	36	72
3	37	94
3	38	11
3	39	95
3	40	26
3	41	6
3	42	70
3	43	35
3	44	32
3	45	28
3	46	60
3	47	100
3	48	85
3	49	25
3	50	74
3	51	32
3	52	8
3	53	50
3	54	87
3	55	55
3	56	70
3	57	77
3	58	47
3	59	22
3	60	93
3	61	12
3	62	95
3	63	58
3	64	64
3	65	22
3	66	68
3	67	11
3	68	7
3	69	19
3	70	31
3	71	7
3	72	13
3	73	95
3	74	40
3	75	80
3	76	34
3	77	19
3	78	38
3	79	97
3	80	78
3	81	6
3	82	2
3	83	87
3	84	13
3	85	73
3	86	33
3	87	26
3	88	19
3	89	58
3	90	10
3	91	51
3	92	3
3	93	56
3	94	101
3	95	13
3	96	46
3	97	71
3	98	59
3	99	98
3	100	16
4	1	29
4	2	90
4	3	58
4	4	87
4	5	19
4	6	97
4	7	31
4	8	53
4	9	60
4	10	96
4	11	59
4	12	23
4	13	37
4	14	6
4	15	46
4	16	99
4	17	65
4	18	58
4	19	62
4	20	8
4	21	65
4	22	32
4	23	86
4	24	81
4	25	82
4	26	38
4	27	95
4	28	3
4	29	19
4	30	79
4	31	94
4	32	50
4	33	99
4	34	65
4	35	45
4	36	22
4	37	11
4	38	29
4	39	5
4	40	91
4	41	87
4	42	42
4	43	10
4	44	98
4	45	25
4	46	10
4	48	73
4	49	27
4	50	49
4	51	13
4	52	8
4	53	44
4	54	33
4	55	40
4	56	87
4	57	35
4	58	84
4	59	84
4	60	93
4	61	5
4	62	53
4	63	72
4	64	1
4	65	47
4	66	52
4	67	11
4	68	40
4	69	91
4	70	34
4	71	62
4	72	65
4	73	100
4	74	76
4	75	41
4	76	61
4	77	69
4	78	20
4	79	1
4	80	66
4	81	25
4	82	64
4	83	1
4	84	79
4	85	31
4	86	101
4	87	21
4	88	91
4	89	16
4	90	101
4	91	13
4	92	61
4	93	73
4	94	19
4	95	22
4	96	61
4	97	15
4	98	7
4	99	91
4	100	43
5	1	73
5	2	67
5	3	73
5	4	86
5	5	87
5	6	27
5	7	77
5	8	2
5	9	99
5	10	37
5	11	91
5	12	89
5	13	90
5	14	32
5	15	97
5	16	68
5	17	86
5	18	16
5	19	16
5	20	82
5	21	16
5	22	55
5	23	78
5	24	40
5	25	14
5	26	67
5	27	11
5	28	16
5	29	42
5	30	63
5	31	26
5	32	95
5	33	51
5	34	39
5	35	94
5	36	96
5	37	95
5	38	62
5	39	78
5	40	46
5	41	94
5	42	13
5	43	77
5	44	47
5	45	68
5	46	52
5	47	48
5	48	38
5	49	82
5	50	88
5	51	100
5	52	7
5	53	84
5	54	15
5	55	98
5	56	54
5	57	53
5	58	36
5	59	98
5	60	53
5	61	50
5	62	3
5	63	26
5	64	22
5	65	88
5	66	33
5	67	74
5	68	28
5	69	43
5	70	53
5	71	82
5	72	88
5	73	3
5	74	98
5	75	93
5	76	30
5	77	34
5	78	35
5	79	20
5	80	94
5	81	100
5	82	52
5	83	76
5	84	100
5	85	67
5	86	30
5	87	6
5	88	48
5	89	51
5	90	9
5	91	101
5	92	48
5	93	78
5	94	39
5	95	37
5	96	32
5	97	88
5	98	54
5	99	54
5	100	65
6	1	76
6	2	75
6	3	75
6	4	58
6	5	23
6	6	79
6	7	40
6	8	77
6	9	67
6	10	90
6	11	62
6	12	93
6	13	7
6	14	77
6	15	101
6	16	95
6	17	35
6	18	79
6	19	8
6	20	67
6	21	70
6	22	56
6	23	83
6	24	88
6	25	25
6	26	81
6	27	8
6	28	100
6	29	12
6	30	38
6	31	74
6	32	38
6	33	97
6	34	1
6	35	3
6	37	69
6	38	65
6	39	93
6	40	90
6	41	92
6	42	27
6	43	13
6	44	25
6	45	83
6	46	78
6	47	34
6	48	95
6	49	63
6	50	75
6	51	1
6	52	7
6	53	25
6	54	2
6	55	44
6	56	80
6	57	42
6	58	10
6	59	20
6	60	96
6	61	54
6	62	94
6	63	18
6	64	77
6	65	15
6	66	97
6	67	66
6	68	55
6	69	11
6	70	56
6	71	95
6	72	82
6	73	12
6	74	34
6	75	35
6	76	54
6	77	35
6	78	8
6	79	39
6	80	57
6	81	76
6	82	31
6	83	27
6	84	63
6	85	40
6	86	26
6	87	32
6	88	75
6	89	20
6	90	89
6	91	61
6	92	17
6	93	64
6	94	94
6	95	53
6	96	1
6	97	57
6	98	89
6	99	25
6	100	76
7	1	3
7	2	7
7	3	49
7	4	22
7	5	18
7	6	69
7	7	36
7	8	12
7	9	66
7	10	28
7	11	71
7	12	67
7	13	97
7	14	10
7	15	74
7	16	12
7	17	81
7	18	83
7	19	65
7	20	74
7	21	17
7	22	50
7	23	39
7	24	27
7	25	2
7	26	45
7	27	81
7	28	73
7	29	27
7	30	42
7	31	49
7	32	47
7	33	12
7	34	51
7	35	80
7	36	69
7	37	93
7	38	76
7	39	25
7	40	10
7	41	13
7	42	13
7	43	28
7	44	76
7	45	94
7	46	76
7	47	7
7	48	30
7	49	24
7	52	15
7	53	78
7	54	5
7	55	101
7	56	26
7	57	21
7	58	78
7	59	10
7	60	74
7	61	63
7	62	100
7	63	37
7	64	41
7	66	19
7	67	59
7	68	26
7	69	89
7	70	48
7	71	67
7	72	79
7	73	24
7	74	21
7	75	92
7	76	66
7	77	48
7	78	56
7	79	76
7	80	86
7	81	47
7	82	15
7	83	89
7	84	7
7	85	32
7	86	14
7	87	89
7	88	100
7	89	57
7	90	14
7	91	82
7	92	33
7	93	38
7	94	37
7	95	22
7	96	61
7	97	3
7	98	71
7	99	82
7	100	51
8	1	1
8	2	89
8	3	1
8	4	35
8	5	45
8	6	93
8	7	86
8	8	65
8	9	78
8	10	65
8	11	87
8	12	49
8	13	12
8	14	76
8	15	44
8	16	57
8	17	98
8	18	18
8	19	7
8	20	40
8	21	47
8	22	6
8	23	59
8	24	17
8	25	101
8	26	3
8	27	66
8	28	46
8	29	30
8	30	18
8	31	25
8	32	23
8	33	45
8	34	97
8	35	85
8	36	96
8	37	64
8	38	69
8	39	36
8	40	16
8	41	19
8	42	46
8	43	71
8	44	92
8	45	9
8	46	9
8	47	44
8	48	22
8	49	9
8	50	86
8	51	85
8	52	43
8	53	35
8	54	28
8	55	17
8	56	96
8	57	4
8	58	87
8	59	64
8	60	59
8	61	86
8	62	22
8	63	25
8	64	65
8	65	87
8	66	30
8	67	38
8	68	23
8	69	70
8	70	98
8	71	36
8	72	26
8	73	35
8	74	52
8	75	57
8	76	96
8	77	12
8	78	38
8	79	15
8	81	38
8	82	81
8	83	58
8	84	22
8	85	53
8	86	100
8	87	95
8	88	78
8	89	52
8	90	78
8	91	82
8	92	20
8	93	69
8	94	96
8	95	98
8	96	94
8	97	97
8	98	26
8	99	84
8	100	63
9	1	18
9	2	65
9	3	65
9	4	5
9	5	72
9	6	76
9	7	30
9	8	59
9	9	99
9	10	76
9	11	42
9	12	22
9	13	62
9	14	11
9	15	65
9	16	99
9	17	20
9	18	31
9	19	91
9	20	12
9	21	54
9	22	14
9	23	96
9	24	41
9	25	28
9	26	50
9	27	68
9	28	30
9	29	33
9	30	95
9	31	101
9	32	38
9	33	44
9	34	25
9	35	45
9	36	45
9	37	78
9	38	97
9	39	51
9	40	82
9	41	76
9	42	67
9	43	7
9	44	63
9	45	82
9	46	39
9	47	17
9	48	32
9	49	96
9	50	34
9	51	95
9	52	93
9	53	68
9	54	97
9	55	70
9	56	98
9	57	65
9	58	83
9	59	39
9	60	34
9	61	76
9	62	5
9	63	28
9	64	53
9	65	100
9	66	88
9	67	93
9	68	72
9	69	72
9	70	7
9	71	96
9	72	29
9	73	44
9	74	38
9	75	74
9	76	13
9	77	41
9	78	99
9	79	21
9	80	45
9	81	79
9	82	55
9	83	50
9	84	19
9	85	83
9	86	47
9	87	98
9	88	84
9	89	19
9	90	47
9	91	59
9	92	45
9	93	15
9	94	55
9	95	17
9	96	52
9	97	37
9	98	34
9	99	22
9	100	48
10	1	45
10	2	58
10	3	96
10	4	37
10	5	28
10	6	83
10	7	81
10	8	69
10	9	39
10	10	98
10	11	41
10	12	17
10	13	34
10	14	81
10	15	79
10	16	33
10	17	51
10	18	60
10	19	65
10	20	21
10	21	74
10	22	88
10	23	15
10	24	62
10	25	18
10	26	54
10	27	94
10	28	63
10	29	30
10	30	45
10	31	19
10	32	47
10	33	48
10	34	41
10	35	25
10	36	42
10	37	14
10	38	91
10	39	40
10	40	86
10	41	50
10	42	10
10	43	18
10	44	42
10	45	88
10	46	68
10	47	72
10	48	31
10	49	3
10	50	81
10	51	83
10	52	54
10	53	84
10	54	11
10	55	44
10	56	17
10	57	39
10	58	14
10	59	92
10	60	18
10	61	53
10	62	44
10	63	94
10	64	70
10	65	96
10	66	96
10	67	33
10	68	42
10	69	45
10	70	55
10	71	101
10	72	94
10	73	77
10	74	55
10	75	82
10	76	82
10	77	37
10	78	89
10	79	97
10	80	63
10	81	34
10	82	45
10	83	22
10	84	40
10	85	41
10	86	73
10	87	84
10	88	9
10	89	55
10	90	84
10	91	9
10	92	11
10	93	19
10	94	53
10	95	6
10	96	77
10	97	40
10	98	62
10	99	8
10	100	90
11	1	21
11	2	87
11	3	57
11	4	34
11	5	42
11	6	39
11	7	60
11	8	37
11	9	20
11	10	19
11	13	70
11	14	93
11	15	96
11	16	62
11	17	65
11	18	72
11	19	101
11	20	100
11	21	22
11	22	97
11	23	101
11	24	73
11	25	60
11	26	59
11	27	29
11	28	3
11	29	29
11	30	21
11	31	70
11	32	80
11	33	100
11	34	85
11	35	22
11	36	71
11	37	8
11	38	91
11	39	31
11	40	82
11	41	98
11	42	70
11	43	74
11	44	39
11	45	38
11	46	40
11	47	39
11	48	15
11	49	6
11	50	72
11	51	52
11	52	87
11	53	30
11	54	39
11	55	72
11	56	8
11	57	1
11	58	69
11	59	79
11	60	44
11	61	23
11	62	32
11	63	15
11	64	34
11	65	66
11	66	92
11	67	65
11	68	27
11	69	95
11	70	88
11	71	36
11	72	38
11	73	77
11	74	51
11	75	100
11	76	98
11	77	18
11	78	67
11	79	67
11	80	38
11	81	94
11	82	8
11	83	86
11	84	5
11	85	34
11	86	63
11	87	101
11	88	16
11	89	16
11	90	66
11	91	72
11	92	47
11	93	44
11	94	15
11	95	79
11	96	82
11	97	26
11	98	26
11	99	16
11	100	1
12	1	67
12	2	43
12	3	65
12	4	37
12	5	60
12	6	83
12	7	92
12	8	12
12	9	18
12	10	3
12	11	7
12	12	28
12	13	32
12	14	18
12	15	61
12	16	58
12	17	4
12	18	83
12	19	31
12	20	94
12	21	25
12	22	13
12	23	94
12	24	5
12	25	90
12	26	63
12	27	42
12	28	91
12	29	27
12	30	36
12	31	56
12	32	64
12	33	48
12	34	10
12	35	87
12	36	24
12	37	19
12	38	65
12	39	86
12	40	96
12	41	63
12	42	78
12	43	23
12	44	64
12	45	28
12	46	52
12	47	80
12	48	94
12	49	47
12	50	72
12	51	9
12	52	47
12	53	5
12	54	4
12	55	39
12	56	92
12	57	55
12	58	37
12	59	79
12	60	39
12	61	43
12	62	80
12	63	54
12	64	49
12	65	69
12	66	92
12	67	60
12	68	14
12	69	18
12	70	5
12	71	95
12	72	75
12	73	9
12	74	1
12	75	9
12	76	62
12	77	92
12	78	92
12	79	74
12	80	18
12	81	19
12	82	5
12	83	63
12	84	17
12	85	8
12	86	91
12	87	76
12	88	79
12	89	33
12	90	41
12	91	47
12	92	75
12	93	47
12	94	98
12	95	37
12	96	78
12	97	70
12	98	50
12	99	43
12	100	4
13	1	46
13	2	73
13	3	12
13	4	69
13	5	62
13	6	27
13	7	28
13	8	45
13	9	57
13	10	57
13	11	10
13	12	83
13	13	28
13	14	55
13	15	77
13	16	83
13	17	23
13	18	6
13	19	52
13	20	52
13	21	67
13	22	31
13	23	70
13	24	88
13	25	45
13	26	55
13	27	28
13	28	73
13	29	35
13	30	57
13	31	18
13	32	85
13	33	87
13	34	60
13	35	72
13	36	57
13	37	57
13	38	5
13	39	9
13	40	19
13	41	75
13	42	1
13	43	91
13	44	101
13	45	68
13	46	51
13	47	61
13	48	86
13	49	90
13	50	95
13	51	93
13	52	39
13	53	86
13	54	81
13	55	16
13	56	99
13	57	86
13	58	66
13	59	67
13	60	10
13	61	69
13	62	66
13	63	92
13	64	17
13	65	89
13	66	82
13	67	53
13	68	93
13	69	30
13	70	9
13	71	28
13	72	11
13	73	88
13	74	37
13	75	64
13	76	35
13	77	35
13	78	9
13	79	80
13	80	45
13	81	78
13	82	80
13	83	66
13	84	97
13	85	81
13	86	24
13	87	60
13	88	86
13	89	80
13	90	55
13	91	94
13	92	89
13	93	82
13	94	20
13	95	25
13	97	46
13	98	92
13	99	84
13	100	94
14	1	85
14	2	92
14	3	18
14	4	18
14	5	28
14	6	57
14	7	65
14	9	78
14	10	47
14	11	65
14	12	31
14	13	84
14	14	33
14	15	75
14	16	29
14	17	84
14	18	27
14	19	27
14	20	32
14	21	98
14	22	89
14	23	69
14	24	90
14	25	80
14	26	92
14	27	34
14	28	25
14	29	97
14	30	80
14	31	25
14	32	99
14	33	90
14	34	7
14	35	15
14	37	43
14	38	56
14	39	52
14	40	2
14	41	27
14	42	79
14	43	46
14	44	5
14	45	62
14	46	59
14	47	96
14	48	1
14	49	80
14	50	12
14	51	9
14	52	5
14	53	71
14	54	79
14	55	82
14	56	35
14	57	97
14	58	22
14	59	1
14	60	78
14	61	74
14	62	10
14	63	92
14	64	74
14	65	88
14	66	74
14	67	95
14	68	24
14	69	84
14	70	48
14	71	88
14	72	28
14	73	2
14	74	71
14	75	53
14	76	17
14	77	2
14	78	58
14	79	99
14	80	17
14	81	2
14	82	80
14	83	32
14	84	82
14	85	34
14	86	93
14	87	86
14	88	37
14	89	57
14	90	34
14	91	74
14	92	5
14	93	15
14	94	20
14	95	86
14	96	6
14	97	26
14	98	35
14	99	70
14	100	67
15	1	23
15	2	63
15	3	42
15	4	40
15	5	22
15	6	80
15	7	27
15	8	45
15	9	65
15	10	39
15	11	53
15	12	82
15	13	59
15	14	69
15	15	93
15	16	91
15	17	24
15	18	49
15	19	85
15	20	1
15	21	82
15	22	94
15	23	86
15	24	63
15	25	27
15	26	11
15	27	52
15	28	88
15	29	23
15	30	4
15	31	29
15	32	10
15	33	91
15	34	53
15	35	50
15	36	58
15	37	36
15	38	100
15	39	98
15	40	8
15	41	98
15	42	43
15	43	26
15	44	51
15	45	9
15	46	25
15	47	95
15	48	47
15	49	69
15	50	69
15	51	20
15	52	53
15	53	90
15	54	57
15	55	5
15	56	88
15	57	68
15	58	76
15	59	16
15	60	4
15	61	42
15	62	21
15	63	51
15	64	7
15	65	82
15	66	48
15	67	84
15	68	79
15	69	12
15	70	9
15	71	10
15	72	54
15	73	32
15	74	46
15	76	82
15	77	59
15	78	42
15	79	87
15	80	79
15	81	71
15	82	17
15	83	86
15	84	8
15	85	22
15	86	1
15	87	64
15	88	72
15	89	63
15	90	88
15	91	30
15	92	32
15	93	73
15	94	74
15	95	36
15	96	7
15	97	14
15	98	37
15	99	82
15	100	75
16	1	79
16	2	86
16	3	64
16	4	90
16	5	39
16	6	73
16	7	96
16	8	100
16	9	51
16	10	52
16	11	69
16	12	14
16	13	5
16	14	66
16	15	72
16	16	60
16	17	38
16	18	22
16	19	84
16	20	46
16	22	87
16	23	2
16	24	3
16	25	47
16	26	49
16	27	12
16	28	94
16	29	97
16	30	34
16	31	2
16	32	90
16	33	89
16	34	79
16	35	18
16	36	19
16	37	92
16	38	29
16	39	34
16	40	53
16	41	101
16	42	32
16	43	70
16	44	88
16	45	56
16	46	6
16	47	79
16	48	57
16	49	52
16	50	49
16	51	95
16	52	47
16	53	77
16	54	23
16	55	66
16	56	63
16	57	89
16	58	53
16	59	75
16	60	89
16	61	52
16	62	7
16	63	77
16	64	19
16	65	64
16	66	64
16	67	97
16	68	14
16	69	96
16	70	41
16	71	42
16	72	65
16	73	79
16	74	30
16	75	34
16	76	66
16	77	18
16	78	94
16	79	101
16	80	57
16	81	13
16	82	1
16	83	26
16	84	101
16	85	5
16	86	88
16	87	88
16	88	67
16	89	51
16	90	73
16	91	41
16	92	28
16	93	22
16	94	80
16	95	1
16	96	89
16	97	59
16	98	91
16	99	78
16	100	32
17	1	53
17	2	84
17	3	71
17	4	7
17	5	92
17	6	73
17	7	78
17	8	68
17	9	38
17	10	56
17	11	96
17	12	81
17	13	27
17	14	99
17	15	9
17	16	57
17	17	61
17	18	66
17	19	20
17	20	18
17	21	51
17	22	34
17	23	45
17	24	68
17	25	96
17	26	5
17	27	86
17	28	11
17	29	37
17	30	24
17	31	58
17	33	14
17	34	87
17	35	63
17	36	35
17	37	58
17	38	74
17	39	98
17	40	53
17	41	78
17	42	65
17	43	79
17	44	68
17	45	49
17	46	96
17	47	39
17	48	58
17	49	56
17	50	44
17	51	73
17	52	16
17	53	33
17	54	77
17	55	99
17	56	19
17	57	26
17	58	1
17	59	98
17	60	90
17	61	33
17	62	88
17	63	43
17	64	65
17	65	29
17	66	83
17	67	49
17	68	63
17	69	4
17	70	46
17	71	50
17	72	46
17	73	1
17	74	87
17	75	70
17	76	53
17	77	59
17	78	20
17	79	79
17	80	60
17	81	8
17	82	44
17	83	74
17	84	17
17	85	91
17	86	20
17	87	35
17	88	99
17	89	86
17	90	101
17	91	2
17	92	57
17	93	73
17	94	34
17	95	21
17	96	4
17	97	63
17	98	93
17	99	25
17	100	44
18	1	25
18	2	69
18	3	48
18	4	78
18	5	44
18	6	5
18	7	1
18	8	14
18	9	82
18	10	59
18	11	75
18	12	80
18	13	33
18	14	89
18	15	63
18	17	1
18	18	49
18	19	10
18	20	19
18	21	93
18	22	90
18	23	81
18	24	58
18	25	98
18	26	40
18	27	77
18	28	51
18	29	47
18	30	77
18	31	11
18	32	47
18	33	27
18	34	48
18	35	5
18	36	90
18	37	1
18	38	56
18	39	47
18	40	92
18	41	50
18	42	16
18	43	67
18	44	50
18	45	54
18	46	100
18	47	53
18	48	3
18	49	39
18	50	29
18	52	86
18	53	23
18	54	42
18	55	7
18	56	73
18	57	28
18	58	90
18	59	2
18	60	88
18	61	12
18	62	86
18	63	58
18	64	14
18	65	82
18	66	77
18	67	84
18	68	43
18	69	79
18	70	98
18	71	27
18	72	71
18	73	91
18	74	65
18	75	43
18	76	12
18	77	36
18	78	4
18	79	50
18	80	81
18	81	62
18	82	41
18	83	27
18	84	30
18	86	63
18	87	73
18	88	45
18	89	71
18	90	96
18	91	84
18	92	78
18	93	85
18	94	92
18	95	54
18	96	24
18	97	16
18	98	101
18	99	91
18	100	28
19	1	84
19	2	25
19	3	75
19	4	39
19	5	4
19	6	21
19	7	39
19	8	72
19	9	60
19	10	78
19	11	47
19	12	84
19	13	7
19	14	91
19	15	37
19	16	92
19	17	34
19	18	76
19	19	84
19	20	94
19	21	73
19	22	60
19	23	1
19	24	49
19	25	13
19	26	76
19	27	60
19	28	9
19	29	2
19	30	48
19	31	16
19	32	21
19	33	87
19	34	100
19	35	70
19	36	60
19	37	38
19	38	88
19	39	94
19	41	56
19	42	94
19	43	50
19	44	14
19	45	75
19	46	37
19	47	58
19	48	24
19	49	36
19	50	80
19	51	23
19	52	33
19	53	25
19	54	3
19	55	33
19	56	92
19	57	28
19	58	21
19	59	24
19	60	20
19	61	49
19	62	10
19	63	80
19	64	20
19	65	32
19	66	58
19	67	2
19	68	60
19	69	26
19	70	101
19	71	84
19	72	85
19	73	68
19	74	24
19	75	11
19	76	40
19	77	98
19	78	44
19	79	58
19	80	68
19	81	70
19	82	60
19	83	67
19	84	47
19	85	70
19	86	85
19	87	82
19	88	41
19	89	31
19	90	34
19	92	19
19	93	88
19	94	49
19	95	59
19	96	4
19	97	48
19	98	1
19	99	56
19	100	38
20	1	57
20	2	95
20	3	1
20	4	96
20	5	22
20	6	18
20	7	75
20	8	53
20	9	16
20	10	46
20	11	42
20	12	33
20	13	5
20	14	21
20	15	15
20	16	98
20	17	43
20	18	84
20	19	81
20	20	91
20	21	21
20	22	97
20	23	97
20	24	42
20	25	87
20	26	62
20	27	82
20	28	19
20	29	78
20	30	67
20	31	44
20	32	1
20	33	19
20	34	99
20	35	65
20	36	50
20	37	86
20	38	89
20	39	35
20	40	64
20	41	22
20	42	67
20	43	21
20	44	19
20	45	27
20	46	85
20	47	56
20	48	82
20	49	82
20	50	94
20	51	49
20	52	75
20	53	40
20	54	86
20	55	88
20	56	74
20	57	51
20	58	75
20	59	48
20	60	5
20	61	87
20	62	22
20	63	94
20	64	44
20	65	14
20	66	74
20	67	88
20	68	39
20	69	83
20	70	35
20	71	94
20	72	22
20	73	26
20	74	47
20	75	36
20	76	53
20	78	96
20	79	72
20	80	94
20	81	40
20	82	8
20	83	85
20	84	67
20	85	28
20	86	23
20	87	19
20	88	78
20	89	6
20	90	98
20	91	50
20	92	58
20	93	3
20	94	49
20	95	76
20	96	53
20	97	53
20	98	28
20	99	5
20	100	91
21	1	22
21	2	71
21	3	67
21	5	51
21	6	64
21	7	1
21	8	62
21	9	50
21	10	99
21	11	38
21	12	49
21	13	38
21	14	33
21	15	64
21	16	30
21	17	18
21	18	81
21	19	99
21	20	36
21	21	50
21	22	69
21	23	34
21	24	91
21	25	11
21	26	90
21	27	59
21	28	45
21	29	36
21	30	92
21	31	23
21	32	21
21	33	93
21	34	28
21	35	74
21	36	94
21	37	51
21	38	76
21	39	51
21	40	51
21	41	58
21	42	73
21	43	61
21	44	42
21	45	26
21	46	93
21	47	64
21	48	7
21	49	1
21	50	23
21	51	14
21	52	17
21	53	60
21	54	85
21	55	93
21	56	22
21	57	49
21	58	71
21	59	34
21	60	4
21	61	63
21	62	86
21	63	80
21	64	84
21	65	94
21	66	95
21	67	78
21	68	73
21	69	6
21	70	25
21	71	92
21	72	90
21	73	65
21	74	74
21	75	32
21	76	74
21	77	41
21	78	8
21	79	21
21	80	72
21	81	10
21	82	46
21	83	76
21	84	39
21	85	77
21	86	12
21	87	70
21	88	17
21	89	41
21	90	65
21	91	46
21	92	96
21	93	34
21	94	18
21	95	56
21	96	22
21	97	28
21	98	77
21	99	79
21	100	18
22	1	3
22	2	46
22	3	5
22	4	64
22	5	21
22	6	72
22	7	61
22	8	76
22	9	68
22	10	62
22	11	56
22	12	12
22	13	100
22	14	84
22	15	26
22	16	41
22	17	83
22	18	97
22	19	84
22	20	51
22	21	15
22	22	69
22	23	28
22	24	17
22	25	56
22	26	3
22	27	72
22	28	23
22	29	3
22	30	36
22	31	90
22	32	21
22	33	46
22	34	45
22	35	52
22	36	89
22	37	62
22	38	40
22	39	89
22	40	95
22	41	81
22	42	79
22	43	27
22	44	32
22	45	42
22	46	70
22	47	14
22	48	75
22	49	14
22	50	71
22	51	72
22	52	16
22	53	8
22	54	90
22	55	98
22	56	80
22	57	32
22	58	36
22	59	15
22	60	22
22	61	27
22	62	94
22	63	64
22	64	50
22	65	14
22	66	61
22	67	29
22	68	29
22	69	32
22	70	57
22	71	41
22	72	36
22	73	94
22	74	8
22	75	13
22	76	44
22	77	3
22	78	34
22	79	31
22	80	51
22	81	76
22	82	46
22	83	38
22	84	64
22	85	55
22	86	24
22	87	34
22	88	86
22	89	100
22	90	16
22	91	39
22	92	101
22	93	89
22	94	73
22	95	66
22	96	62
22	97	13
22	98	24
22	99	35
22	100	94
23	1	100
23	2	24
23	3	21
23	4	22
23	5	49
23	6	39
23	7	18
23	8	58
23	9	89
23	10	62
23	11	40
23	12	31
23	13	64
23	14	89
23	15	7
23	16	79
23	17	14
23	18	73
23	19	76
23	20	81
23	21	7
23	22	19
23	23	81
23	24	34
23	25	20
23	26	88
23	27	30
23	28	93
23	29	57
23	30	58
23	31	34
23	32	53
23	33	71
23	34	39
23	35	40
23	36	71
23	37	82
23	38	8
23	39	46
23	40	33
23	41	24
23	42	52
23	43	84
23	44	101
23	45	61
23	46	13
23	47	76
23	48	12
23	49	62
23	50	56
23	51	34
23	52	96
23	53	79
23	54	101
23	55	86
23	56	32
23	57	78
23	58	95
23	59	34
23	60	5
23	61	50
23	62	94
23	63	59
23	64	80
23	65	68
23	66	94
23	67	57
23	68	26
23	69	98
23	70	50
23	71	18
23	72	67
23	73	56
23	74	33
23	75	49
23	76	40
23	77	83
23	78	8
23	79	42
23	80	7
23	81	27
23	82	79
23	83	73
23	84	12
23	85	72
23	86	45
23	87	14
23	88	58
23	89	23
23	90	96
23	91	9
23	92	88
23	93	34
23	94	82
23	95	22
23	96	81
23	97	24
23	98	86
23	99	27
23	100	32
24	1	98
24	2	5
24	3	87
24	4	94
24	5	61
24	6	79
24	7	4
24	8	50
24	9	79
24	10	1
24	11	70
24	12	71
24	13	4
24	14	29
24	15	92
24	16	21
24	17	46
24	18	101
24	19	40
24	20	86
24	21	88
24	22	8
24	23	79
24	24	1
24	25	46
24	26	65
24	27	6
24	28	61
24	29	75
24	30	31
24	31	85
24	32	59
24	33	93
24	34	99
24	35	50
24	36	9
24	37	80
24	38	93
24	39	36
24	40	96
24	41	47
24	42	43
24	43	87
24	44	48
24	45	40
24	46	42
24	47	93
24	48	63
24	49	25
24	50	6
24	51	95
24	52	17
24	53	45
24	54	64
24	55	7
24	56	93
24	57	32
24	58	88
24	59	71
24	60	80
24	61	50
24	62	76
24	63	30
24	64	81
24	65	50
24	66	69
24	67	23
24	68	87
24	69	64
24	70	3
24	71	98
24	72	60
24	73	71
24	74	3
24	75	50
24	76	70
24	77	8
24	78	11
24	79	94
24	80	80
24	81	64
24	82	46
24	83	1
24	84	8
24	85	77
24	86	7
24	87	25
24	88	62
24	89	22
24	90	62
24	91	16
24	92	93
24	93	52
24	94	76
24	95	6
24	96	41
24	97	82
24	98	67
24	99	48
24	100	83
25	1	46
25	2	86
25	3	93
25	4	9
25	5	51
25	6	38
25	7	30
25	8	41
25	9	30
25	10	6
25	11	57
25	12	92
25	13	57
25	14	52
25	15	90
25	16	44
25	17	62
25	18	91
25	19	74
25	20	46
25	21	95
25	22	75
25	23	42
25	24	66
25	25	94
25	26	84
25	27	78
25	28	95
25	29	50
25	30	11
25	31	19
25	32	33
25	33	22
25	34	67
25	35	15
25	36	53
25	37	89
25	38	18
25	39	22
25	40	58
25	41	59
25	42	47
25	43	75
25	44	95
25	45	64
25	46	35
25	47	81
25	48	2
25	49	1
25	50	80
25	51	48
25	52	98
25	53	7
25	54	62
25	55	24
25	56	71
25	57	71
25	59	82
25	60	5
25	61	94
25	62	15
25	63	10
25	64	88
25	65	89
25	66	17
25	67	89
25	68	27
25	69	30
25	70	76
25	71	19
25	72	14
25	73	53
25	74	80
25	75	5
25	76	90
25	77	67
25	78	98
25	79	53
25	80	45
25	81	51
25	82	79
25	83	67
25	84	16
25	85	44
25	86	11
25	87	34
25	88	12
25	89	48
25	90	80
25	91	51
25	92	4
25	93	44
25	94	68
25	95	53
25	96	30
25	97	4
25	98	49
25	99	5
25	100	56
26	1	47
26	2	60
26	3	88
26	4	77
26	5	16
26	6	74
26	7	44
26	8	92
26	9	6
26	10	12
26	11	79
26	12	45
26	13	94
26	14	26
26	15	20
26	16	82
26	17	78
26	18	17
26	19	52
26	20	69
26	21	21
26	22	81
26	23	80
26	24	77
26	25	64
26	26	45
26	27	93
26	28	31
26	29	31
26	30	53
26	31	78
26	32	7
26	33	73
26	34	31
26	35	50
26	36	75
26	37	55
26	38	78
26	39	33
26	40	98
26	41	48
26	42	93
26	43	60
26	44	73
26	45	83
26	46	97
26	47	65
26	48	59
26	49	93
26	50	4
26	51	95
26	52	19
26	53	33
26	54	82
26	55	40
26	56	15
26	57	86
26	58	40
26	59	73
26	60	27
26	61	88
26	62	84
26	63	50
26	64	82
26	65	69
26	66	10
26	67	63
26	68	47
26	69	32
26	70	37
26	71	25
26	72	59
26	73	48
26	74	69
26	75	93
26	76	70
26	77	80
26	78	70
26	79	72
26	80	29
26	81	28
26	82	44
26	83	77
26	84	11
26	85	40
26	86	73
26	87	8
26	88	50
26	89	80
26	90	27
26	91	79
26	92	67
26	93	92
26	94	77
26	95	17
26	96	41
26	97	22
26	98	9
26	99	74
26	100	12
27	1	54
27	2	10
27	3	87
27	4	92
27	5	49
27	6	88
27	7	97
27	8	69
27	9	38
27	10	47
27	11	99
27	12	89
27	13	77
27	14	49
27	15	7
27	16	10
27	17	2
27	18	12
27	19	41
27	20	60
27	21	98
27	22	42
27	23	91
27	24	87
27	25	75
27	26	17
27	27	23
27	28	75
27	29	14
27	30	23
27	31	80
27	32	67
27	33	28
27	34	97
27	35	73
27	36	66
27	37	81
27	38	79
27	39	44
27	40	79
27	41	45
27	42	66
27	43	58
27	44	4
27	45	48
27	46	67
27	47	40
27	48	8
27	49	99
27	50	70
27	51	37
27	52	74
27	53	63
27	54	74
27	55	52
27	56	85
27	57	3
27	58	57
27	59	19
27	60	17
27	61	75
27	62	39
27	63	81
27	64	21
27	65	1
27	66	21
27	67	96
27	68	12
27	69	64
27	70	9
27	71	6
27	72	36
27	73	35
27	75	97
27	76	52
27	77	14
27	78	76
27	79	29
27	80	2
27	81	41
27	82	6
27	83	24
27	84	101
27	85	24
27	86	99
27	87	39
27	88	66
27	89	95
27	90	20
27	91	27
27	92	67
27	93	65
27	94	77
27	95	12
27	96	10
27	97	6
27	98	95
27	99	45
27	100	31
28	1	30
28	2	59
28	3	53
28	4	19
28	5	28
28	6	58
28	7	38
28	8	86
28	9	35
28	10	70
28	11	80
28	12	71
28	13	61
28	14	74
28	15	16
28	16	28
28	17	12
28	18	94
28	19	95
28	20	12
28	21	62
28	22	10
28	23	57
28	24	83
28	25	67
28	26	53
28	27	3
28	28	36
28	29	80
28	30	51
28	32	95
28	33	60
28	34	19
28	35	6
28	36	11
28	37	19
28	38	34
28	39	4
28	40	20
28	41	16
28	42	50
28	43	69
28	44	57
28	45	56
28	46	93
28	47	74
28	48	42
28	49	90
28	50	56
28	51	88
28	52	89
28	53	77
28	54	95
28	55	60
28	56	49
28	57	30
28	58	7
28	59	22
28	60	67
28	61	57
28	62	18
28	63	79
28	64	34
28	65	70
28	66	9
28	67	27
28	68	9
28	69	68
28	70	59
28	71	40
28	72	47
28	73	90
28	74	31
28	75	84
28	76	28
28	77	80
28	78	87
28	79	13
28	80	76
28	81	88
28	82	12
28	83	27
28	84	30
28	85	5
28	86	61
28	87	14
28	88	85
28	89	2
28	90	83
28	91	101
28	92	71
28	93	60
28	94	77
28	95	38
28	96	23
28	97	77
28	98	11
28	99	14
28	100	16
29	1	67
29	2	44
29	3	85
29	4	39
29	5	30
29	6	43
29	7	26
29	8	1
29	9	71
29	10	15
29	11	88
29	12	83
29	13	57
29	14	75
29	15	91
29	16	51
29	17	75
29	18	38
29	19	72
29	20	66
29	21	79
29	22	53
29	23	72
29	24	43
29	25	43
29	26	41
29	27	63
29	28	28
29	29	20
29	30	90
29	31	32
29	32	46
29	33	47
29	34	53
29	35	46
29	36	1
29	37	65
29	38	14
29	39	20
29	40	51
29	41	100
29	42	39
29	43	4
29	44	32
29	45	40
29	46	39
29	47	99
29	48	66
29	49	98
29	50	19
29	51	7
29	52	62
29	53	89
29	54	60
29	55	93
29	56	79
29	57	22
29	58	94
29	59	41
29	60	59
29	61	8
29	62	10
29	63	61
29	64	44
29	65	41
29	66	29
29	67	54
29	68	3
29	69	90
29	70	54
29	71	36
29	72	18
29	73	23
29	74	86
29	75	70
29	76	80
29	77	39
29	78	101
29	79	96
29	80	50
29	81	13
29	82	11
29	83	3
29	84	37
29	85	48
29	86	10
29	87	69
29	88	17
29	89	44
29	90	33
29	91	79
29	92	87
29	93	13
29	94	26
29	95	34
29	96	46
29	97	100
29	98	8
29	99	3
29	100	29
30	1	5
30	2	89
30	3	17
30	4	61
30	5	67
30	6	84
30	7	46
30	8	63
30	9	75
30	10	52
30	11	23
30	12	96
30	13	31
30	14	19
30	15	5
30	16	41
30	17	81
30	18	43
30	19	87
30	20	29
30	21	89
30	22	65
30	23	45
30	24	75
30	25	54
30	26	67
30	27	51
30	28	39
30	29	4
30	30	7
30	31	94
30	32	92
30	33	12
30	34	70
30	35	71
30	36	14
30	37	95
30	38	58
30	39	23
30	40	87
30	41	38
30	42	89
30	43	79
30	44	45
30	45	83
30	46	88
30	47	20
30	48	98
30	49	51
30	50	37
30	51	11
30	52	28
30	53	27
30	54	91
30	55	90
30	56	54
30	58	9
30	59	1
30	60	51
30	61	36
30	62	6
30	63	33
30	64	10
30	65	30
30	66	8
30	67	25
30	68	46
30	69	93
30	70	74
30	71	54
30	72	1
30	73	25
30	74	87
30	75	45
30	76	44
30	77	83
30	78	24
30	79	43
30	80	82
30	81	78
30	82	91
30	83	57
30	84	78
30	85	65
30	86	28
30	87	46
30	88	11
30	89	13
30	90	2
30	91	11
30	92	93
30	93	4
30	94	34
30	95	97
30	96	80
30	97	97
30	98	8
30	99	51
30	100	81
31	1	86
31	2	92
31	3	37
31	4	73
31	5	81
31	6	76
31	7	6
31	8	25
31	9	14
31	10	57
31	11	71
31	12	78
31	13	96
31	14	55
31	15	7
31	16	63
31	17	10
31	18	95
31	19	3
31	20	68
31	21	100
31	22	12
31	23	99
31	25	49
31	26	5
31	27	46
31	28	6
31	29	38
31	30	17
31	31	56
31	32	81
31	33	37
31	34	22
31	35	83
31	36	24
31	37	36
31	38	70
31	39	34
31	40	3
31	41	86
31	42	47
31	43	67
31	44	52
31	45	64
31	46	10
31	47	43
31	48	79
31	49	7
31	50	6
31	51	50
31	52	40
31	53	35
31	54	56
31	55	85
31	56	71
31	57	9
31	58	44
31	59	80
31	60	20
31	61	7
31	62	10
31	63	82
31	64	54
31	65	90
31	66	52
31	67	85
31	68	65
31	69	81
31	70	39
31	71	29
31	72	85
