31	1	26
31	2	31
31	3	49
31	4	83
31	5	12
31	6	21
31	7	78
31	8	1
31	9	31
31	10	58
31	11	78
31	12	33
31	13	32
31	14	47
31	15	45
31	16	44
31	17	41
31	18	95
31	19	11
31	20	9
31	21	45
31	22	31
31	23	45
31	24	59
31	25	56
31	26	23
31	27	62
31	28	31
31	29	64
31	30	58
31	31	53
31	32	87
31	33	48
31	34	64
31	35	18
31	36	33
31	37	92
31	38	46
31	39	24
31	40	7
31	41	92
31	42	80
31	43	90
31	44	38
31	45	81
31	46	66
31	47	48
31	48	55
31	49	100
31	50	37
32	1	81
32	2	49
32	3	55
32	4	20
32	5	5
32	6	61
32	7	13
32	8	66
32	9	56
32	10	60
32	11	41
32	12	55
32	13	18
32	14	101
32	15	49
32	16	25
32	17	40
32	18	26
32	19	71
32	20	68
32	21	36
32	22	75
32	23	52
32	24	60
32	25	4
32	26	9
32	27	17
32	28	8
32	29	101
32	30	22
32	31	28
32	32	60
32	33	24
32	34	86
32	35	66
32	36	24
32	37	54
32	38	20
32	39	72
32	40	98
32	41	18
32	42	23
32	43	38
32	44	34
32	45	58
32	46	9
32	47	5
32	48	64
32	49	73
32	50	85
33	1	24
33	2	66
33	3	76
33	4	2
33	5	47
33	6	54
33	7	96
33	8	49
33	9	82
33	10	75
33	11	15
33	12	97
33	13	40
33	14	72
33	15	99
33	16	6
33	17	46
33	18	74
33	19	84
33	20	33
33	21	4
33	22	65
33	23	11
33	24	7
33	25	87
33	26	59
33	27	12
33	28	38
33	29	9
33	30	42
33	31	97
33	32	69
33	33	1
33	34	6
33	35	16
33	36	5
33	37	43
33	38	44
33	39	69
33	40	59
33	41	52
33	42	25
33	43	89
33	44	57
33	45	48
33	46	82
33	47	53
33	48	20
33	49	68
33	50	9
34	1	18
34	2	21
34	3	52
34	4	56
34	5	96
34	6	57
34	7	59
34	8	6
34	9	59
34	10	9
34	11	30
34	12	60
34	13	63
34	14	19
34	15	50
34	16	18
34	17	95
34	18	71
34	19	72
34	20	18
34	21	30
34	22	48
34	23	2
34	24	73
34	25	78
34	26	22
34	27	2
34	28	97
34	29	22
34	30	26
34	31	34
34	32	33
34	33	8
34	34	31
34	35	55
34	36	19
34	37	53
34	38	18
34	39	81
34	40	74
34	41	101
34	42	43
34	43	19
34	44	27
34	45	68
34	46	20
34	47	39
34	48	84
34	49	27
34	50	5
35	1	48
35	2	48
35	3	18
35	4	48
35	5	11
35	6	96
35	7	35
35	8	8
35	9	51
35	10	4
35	11	29
35	12	92
35	14	53
35	15	52
35	16	9
35	17	75
35	18	24
35	19	96
35	20	51
35	21	79
35	22	16
35	23	20
35	24	64
35	25	79
35	26	13
35	27	79
35	28	33
35	29	15
35	30	94
35	31	23
35	32	14
35	33	85
35	34	71
35	35	16
35	36	21
35	37	98
35	38	67
35	39	6
35	40	97
35	41	60
35	42	60
35	43	101
35	44	89
35	45	8
35	46	67
35	47	97
35	48	85
35	49	62
35	50	41
36	1	49
36	2	72
36	3	7
36	4	1
36	5	10
36	6	101
36	7	34
36	8	77
36	9	101
36	10	4
36	11	31
36	12	5
36	13	91
36	14	67
36	15	70
36	16	5
36	17	83
36	18	4
36	19	51
36	20	14
36	21	41
36	22	63
36	23	68
36	24	25
36	25	79
36	26	40
36	27	39
36	28	74
36	29	24
36	30	33
36	31	8
36	32	59
36	33	42
36	34	75
36	35	64
36	36	87
36	37	26
36	38	50
36	39	93
36	40	49
36	41	89
36	42	85
36	43	4
36	44	92
36	45	95
36	46	92
36	47	80
36	48	18
36	49	70
36	50	36
37	1	84
37	2	89
37	3	79
37	4	47
37	5	38
37	6	7
37	7	6
37	8	67
37	9	98
37	10	93
37	11	64
37	12	22
37	13	27
37	14	73
37	15	1
37	16	10
37	17	75
37	18	66
37	19	85
37	20	62
37	21	11
37	22	65
37	23	85
37	24	1
37	25	27
37	26	18
37	27	94
37	28	72
37	29	85
37	30	47
37	31	13
37	32	18
37	33	62
37	34	15
37	35	79
37	36	78
37	37	46
37	38	93
37	39	53
37	40	76
37	41	83
37	42	63
37	43	6
37	44	3
37	45	32
37	46	1
37	47	40
37	48	6
37	49	45
37	50	83
38	1	83
38	2	79
38	3	30
38	4	58
38	5	58
38	6	52
38	7	10
38	8	27
38	9	2
38	10	101
38	11	80
38	12	75
38	13	2
38	14	70
38	15	64
38	16	28
38	17	43
38	18	7
38	19	8
38	20	5
38	21	37
38	22	98
38	23	48
38	24	37
38	25	47
38	26	86
38	27	52
38	28	50
38	29	9
38	30	93
38	31	68
38	32	61
38	33	32
38	34	100
38	35	73
38	36	78
38	37	29
38	38	13
38	39	8
38	40	21
38	41	4
38	42	70
38	43	84
38	44	72
38	45	92
38	46	15
38	47	17
38	48	41
38	49	3
38	50	93
39	1	2
39	2	70
39	3	31
39	4	68
39	5	95
39	6	19
39	7	18
39	8	75
39	9	54
39	10	71
39	11	2
39	12	7
39	13	18
39	14	88
39	15	14
39	16	18
39	17	37
39	18	5
39	19	14
39	20	73
39	21	34
39	22	2
39	23	66
39	24	20
39	25	51
39	26	60
39	27	60
39	28	13
39	29	82
39	30	68
39	31	4
39	32	95
39	33	68
39	34	61
39	35	23
39	36	93
39	37	64
39	38	64
39	39	87
39	40	36
39	41	60
39	42	58
39	43	50
39	44	36
39	45	88
39	46	2
39	47	62
39	48	24
39	49	6
39	50	20
40	1	17
40	2	22
40	3	39
40	4	2
40	5	24
40	6	7
40	7	51
40	8	37
40	9	6
40	10	57
40	11	85
40	12	47
40	13	30
40	14	84
40	15	75
40	16	69
40	17	4
40	18	60
40	19	52
40	20	59
40	21	38
40	22	11
40	23	100
40	24	59
40	26	23
40	27	49
40	28	65
40	29	16
40	30	56
40	31	83
40	32	77
40	33	54
40	34	88
40	35	41
40	36	11
40	37	60
40	38	36
40	39	35
40	40	17
40	41	40
40	42	15
40	43	19
40	44	80
40	45	86
40	46	10
40	47	13
40	48	12
40	49	90
40	50	66
41	1	64
41	2	27
41	3	95
41	5	32
41	6	99
41	7	41
41	8	49
41	9	47
41	10	28
41	11	12
41	12	66
41	13	23
41	14	29
41	15	50
41	16	16
41	17	48
41	18	67
41	19	57
41	20	100
41	21	13
41	22	92
41	23	19
41	24	83
41	25	60
41	26	53
41	27	47
41	28	17
41	29	33
41	30	49
41	31	99
41	32	4
41	33	34
41	34	38
41	35	65
41	36	95
41	37	37
41	38	90
41	39	19
41	40	55
41	41	85
41	42	41
41	43	41
41	44	54
41	45	85
41	46	18
41	47	47
41	48	6
41	49	58
41	50	51
42	1	96
42	2	5
42	3	8
42	4	10
42	5	57
42	6	22
42	7	81
42	8	86
42	9	83
42	10	50
42	11	72
42	12	27
42	13	28
42	14	81
42	15	7
42	16	11
42	17	53
42	18	18
42	19	60
42	20	40
42	21	42
42	22	22
42	23	28
42	24	51
42	25	71
42	26	8
42	27	92
42	28	24
42	29	17
42	30	77
42	31	97
42	32	96
42	33	28
42	34	91
42	35	94
42	36	33
42	37	3
42	38	100
42	39	87
42	40	76
42	41	39
42	42	17
42	43	98
42	44	43
42	45	26
42	46	96
42	47	81
42	48	21
42	49	95
42	50	98
43	1	81
43	2	5
43	3	52
43	4	71
43	5	84
43	6	39
43	7	44
43	8	18
43	9	58
43	10	83
43	11	33
43	12	5
43	13	12
43	14	4
43	15	82
43	16	98
43	17	78
43	18	34
43	19	73
43	20	28
43	21	2
43	22	30
43	23	100
43	24	10
43	25	19
43	26	29
43	27	21
43	28	97
43	29	52
43	30	14
43	32	72
43	33	81
43	34	4
43	35	55
43	36	58
43	37	98
43	38	42
43	39	41
43	40	74
43	41	64
43	42	59
43	43	99
43	44	52
43	45	6
43	46	74
43	47	1
43	48	19
43	49	27
43	50	28
44	1	84
44	2	28
44	3	91
44	4	17
44	5	53
44	6	43
44	7	57
44	10	45
44	11	77
44	12	3
44	13	54
44	14	96
44	15	33
44	16	70
44	17	4
44	18	45
44	19	6
44	20	31
44	21	7
44	22	43
44	23	32
44	24	32
44	25	56
44	26	38
44	27	97
44	28	94
44	29	55
44	30	16
44	31	57
44	32	18
44	33	77
44	34	46
44	35	37
44	36	95
44	37	61
44	38	61
44	39	33
44	40	56
44	41	32
44	42	27
44	43	51
44	44	23
44	45	3
44	46	87
44	47	79
44	48	20
44	49	6
44	50	81
45	1	50
45	2	24
45	3	14
45	4	29
45	5	82
45	6	48
45	7	36
45	8	18
45	9	12
45	10	85
45	11	3
45	12	47
45	13	93
45	14	89
45	15	5
45	16	53
45	17	15
45	18	69
45	19	99
45	20	26
45	21	45
45	22	18
45	23	54
45	24	44
45	25	63
45	26	82
45	27	70
45	28	53
45	29	75
45	30	19
45	31	31
45	32	79
45	33	20
45	34	101
45	35	90
45	36	22
45	37	89
45	38	20
45	39	25
45	40	100
45	41	100
45	42	31
45	43	49
45	44	4
45	45	84
45	46	14
45	47	23
45	48	19
45	49	13
45	50	47
