16	1	64
16	2	84
16	3	92
16	4	40
16	5	26
16	6	86
16	7	35
16	8	85
16	9	85
16	10	25
16	11	96
16	12	51
16	13	24
16	14	13
16	15	84
16	16	96
16	17	10
16	18	21
16	19	57
16	20	85
16	21	41
16	22	96
16	23	28
16	24	79
16	25	79
16	26	4
16	27	1
16	28	12
16	29	90
16	30	59
16	31	32
16	32	39
16	33	87
16	34	67
16	35	91
16	36	51
16	37	11
16	38	89
16	39	27
16	40	56
16	41	21
16	42	89
16	43	61
16	44	93
16	45	84
16	46	10
16	47	44
16	48	5
16	49	31
16	50	22
17	1	3
17	2	20
17	3	51
17	4	51
17	5	43
17	6	38
17	7	96
17	8	42
17	9	48
17	10	66
17	11	23
17	12	46
17	13	32
17	14	1
17	15	78
17	16	4
17	17	96
17	18	72
17	19	36
17	20	9
17	21	7
17	22	12
17	23	33
17	24	23
17	25	97
17	26	7
17	27	101
17	28	6
17	29	73
17	30	80
17	31	99
17	32	94
17	33	64
17	34	5
17	35	82
17	36	56
17	37	66
17	38	44
17	39	53
17	40	55
17	41	8
17	42	55
17	43	66
17	44	49
17	45	31
17	46	19
17	47	35
17	48	48
17	49	64
17	50	37
18	1	72
18	2	83
18	3	6
18	4	71
18	5	78
18	6	24
18	7	59
18	8	98
18	9	43
18	10	60
18	11	94
18	12	14
18	13	76
18	14	55
18	15	80
18	16	61
18	17	101
18	18	98
18	19	79
18	20	71
18	21	31
18	22	11
18	23	27
18	24	55
18	25	43
18	26	77
18	27	79
18	28	16
18	29	57
18	31	62
18	32	89
18	33	29
18	34	55
18	35	8
18	36	48
18	37	62
18	38	46
18	39	92
18	40	14
18	41	51
18	43	92
18	44	61
18	45	78
18	46	20
18	47	54
18	48	96
18	49	43
18	50	20
19	1	31
19	2	74
19	3	46
19	4	56
19	5	61
19	6	86
19	7	96
19	8	13
19	9	51
19	10	79
19	11	8
19	12	97
19	13	97
19	14	28
19	15	20
19	16	66
19	17	95
19	18	96
19	19	9
19	20	57
19	21	9
19	22	54
19	23	69
19	24	101
19	25	23
19	26	81
19	27	25
19	28	66
19	29	79
19	30	74
19	31	72
19	32	73
19	33	77
19	34	15
19	35	63
19	36	48
19	37	42
19	38	60
19	39	94
19	40	21
19	41	15
19	42	26
19	43	54
19	44	97
19	45	75
19	46	96
19	47	51
19	48	80
19	49	53
19	50	48
20	1	83
20	2	8
20	3	49
20	4	89
20	5	6
20	6	55
20	7	99
20	8	21
20	9	31
20	10	96
20	11	40
20	12	31
20	13	46
20	14	41
20	15	49
20	16	22
20	17	71
20	18	30
20	19	46
20	20	60
20	21	27
20	22	45
20	23	87
20	24	50
20	25	75
20	27	73
20	28	26
20	29	25
20	30	100
20	31	41
20	32	39
20	33	63
20	34	71
20	35	70
20	36	78
20	37	35
20	38	66
20	39	57
20	40	67
20	41	31
20	42	33
20	43	78
20	44	53
20	45	24
20	46	29
20	47	80
20	48	60
20	49	15
20	50	95
21	1	20
21	2	32
21	3	23
21	4	101
21	5	88
21	6	1
21	7	66
21	8	6
21	9	17
21	10	49
21	11	19
21	12	53
21	13	84
21	14	59
21	15	96
21	16	67
21	17	21
21	18	69
21	19	32
21	20	48
21	21	24
21	22	53
21	23	29
21	24	36
21	25	26
21	26	18
21	27	56
21	28	89
21	29	56
21	30	8
21	31	22
21	32	98
21	33	12
21	34	12
21	35	49
21	36	66
21	37	98
21	38	1
21	39	71
21	40	87
21	41	96
21	42	69
21	43	87
21	44	3
21	45	9
21	46	42
21	47	21
21	48	52
21	49	49
21	50	50
22	1	95
22	2	46
22	3	41
22	4	53
22	5	93
22	6	85
22	7	16
22	8	9
22	9	37
22	10	42
22	11	28
22	12	76
22	13	75
22	14	37
22	15	33
22	16	89
22	17	5
22	18	47
22	19	60
22	20	88
22	21	101
22	22	75
22	23	64
22	24	46
22	25	9
22	26	54
22	27	61
22	28	96
22	29	1
22	30	13
22	31	49
22	32	20
22	33	90
22	34	36
22	35	37
22	36	100
22	37	86
22	38	58
22	39	54
22	40	100
22	41	37
22	42	64
22	43	6
22	44	58
22	45	81
22	46	82
22	47	32
22	48	89
22	49	95
22	50	52
23	1	85
23	2	55
23	3	90
23	4	95
23	5	37
23	6	100
23	7	44
23	8	95
23	9	13
23	10	8
23	11	80
23	12	44
23	13	36
23	14	77
23	15	31
23	16	72
23	17	35
23	18	43
23	19	15
23	20	76
23	21	22
23	22	8
23	23	45
23	24	30
23	25	55
23	26	48
23	27	82
23	28	53
23	29	25
23	30	53
23	31	14
23	32	47
23	33	38
23	34	2
23	35	98
23	36	75
23	37	23
23	38	43
23	39	44
23	40	67
23	41	54
23	42	92
23	43	47
23	44	29
23	45	43
23	46	48
23	47	54
23	48	98
23	49	48
23	50	47
24	1	83
24	2	21
24	3	99
24	4	7
24	5	53
24	6	40
24	7	32
24	8	7
24	9	57
24	10	43
24	11	20
24	12	39
24	13	28
24	14	60
24	15	56
24	16	98
24	17	5
24	18	58
24	19	18
24	20	14
24	21	97
24	22	37
24	23	25
24	24	69
24	25	89
24	26	87
24	27	86
24	28	67
24	29	82
24	30	33
24	31	66
24	32	3
24	33	48
24	34	49
24	35	88
24	36	14
24	37	96
24	38	3
24	39	10
24	40	53
24	41	13
24	42	43
24	43	101
24	44	89
24	45	47
24	46	4
24	47	36
24	48	38
24	49	61
24	50	94
25	1	48
25	2	65
25	3	82
25	4	41
25	5	42
25	6	94
25	7	13
25	8	68
25	9	36
25	10	68
25	11	71
25	12	96
25	13	66
25	14	10
25	15	86
25	16	53
25	17	38
25	18	66
25	19	10
25	20	79
25	21	16
25	22	82
25	23	21
25	24	86
25	25	36
25	26	84
25	27	93
25	28	34
25	29	16
25	30	49
25	31	57
25	32	15
25	33	1
25	34	82
25	35	89
25	36	8
25	37	101
25	38	36
25	39	2
25	40	46
25	41	22
25	42	36
25	43	87
25	44	55
25	45	4
25	46	49
25	47	23
25	48	3
25	49	72
25	50	16
26	1	76
26	2	31
26	3	98
26	4	73
26	5	79
26	6	50
26	7	23
26	8	54
26	9	42
26	10	16
26	11	51
26	12	96
26	13	38
26	14	94
26	15	69
26	16	94
26	17	41
26	18	2
26	19	47
26	20	21
26	21	47
26	22	83
26	23	68
26	24	23
26	25	5
26	26	64
26	27	67
26	28	33
26	29	74
26	30	79
26	31	52
26	32	22
26	33	78
26	34	82
26	35	84
26	36	97
26	37	77
26	38	14
26	39	43
26	40	25
26	41	47
26	42	3
26	43	63
26	44	100
26	45	55
26	46	73
26	47	17
26	48	62
26	49	62
26	50	58
27	1	55
27	2	68
27	3	76
27	4	81
27	5	96
27	6	60
27	7	40
27	8	63
27	9	91
27	10	90
27	11	44
27	12	54
27	13	38
27	14	43
27	15	30
27	16	69
27	17	55
27	18	99
27	19	63
27	20	68
27	21	4
27	22	40
27	23	12
27	24	8
27	25	76
27	26	78
27	27	14
27	28	81
27	29	51
27	30	82
27	31	24
27	32	33
27	33	22
27	34	23
27	35	30
27	36	88
27	37	101
27	38	77
27	39	32
27	40	90
27	41	14
27	42	27
27	43	9
27	44	83
27	45	79
27	46	58
27	47	89
27	48	41
27	49	52
27	50	21
28	1	18
28	2	77
28	3	88
28	4	16
28	5	73
28	6	16
28	7	84
28	8	50
28	9	2
28	10	24
28	11	44
28	12	64
28	13	13
28	14	57
28	15	40
28	16	89
28	17	45
28	18	5
28	19	9
28	20	47
28	21	34
28	22	34
28	23	11
28	24	53
28	25	79
28	26	84
28	27	48
28	28	22
28	29	37
28	30	32
28	31	95
28	32	24
28	33	95
28	34	14
28	35	74
28	36	55
28	37	20
28	38	23
28	39	101
28	40	7
28	41	7
28	42	59
28	43	77
28	44	38
28	45	84
28	46	41
28	47	62
28	48	7
28	49	81
28	50	54
29	1	86
29	2	39
29	3	41
29	4	28
29	5	100
29	6	81
29	7	84
29	8	37
29	10	71
29	11	22
29	12	49
29	13	22
29	14	98
29	15	42
29	16	16
29	17	69
29	18	6
29	19	96
29	20	57
29	21	56
29	22	36
29	23	15
29	24	9
29	25	95
29	26	55
29	27	82
29	28	7
29	29	30
29	30	29
29	31	8
29	32	70
29	33	11
29	34	83
29	35	53
29	36	38
29	37	46
29	38	29
29	39	44
29	40	82
29	41	19
29	42	98
29	43	18
29	44	40
29	45	69
29	46	43
29	47	91
29	48	2
29	49	15
29	50	6
30	1	86
30	2	75
30	3	11
30	4	98
30	5	40
30	7	32
30	8	101
30	9	3
30	10	61
30	11	38
30	12	8
30	13	51
30	14	40
30	15	2
30	16	91
30	17	34
30	18	49
30	19	69
30	20	5
30	21	75
30	22	89
30	23	5
30	24	84
30	25	80
30	26	94
30	27	26
30	28	69
30	29	21
30	30	11
30	31	24
30	32	29
30	33	34
30	34	2
30	35	37
30	36	94
30	37	100
30	38	26
30	39	44
30	40	47
30	41	79
30	42	86
30	43	88
30	44	46
30	45	97
30	46	15
30	47	48
30	48	28
30	49	59
30	50	9
